40
89 10 24 
26 17 23 24 
15 15 24 26 36 37 
80 23 24 
43 24 
83 16 24 
72 24 26 
88 9 20 24 33 
97 8 24 
23 1 13 20 24 27 38 
26 19 21 24 
76 24 35 
96 10 24 25 38 
99 24 
74 3 24 25 35 
71 6 22 24 34 
75 2 24 
67 24 25 33 
49 11 24 32 
29 8 10 24 36 
94 11 24 
61 16 24 27 
45 2 4 24 31 32 
18 1 2 3 4 5 6 7 8 9 10 11 12 13 14 15 16 17 18 19 20 21 22 23 25 26 27 28 29 30 31 32 33 34 35 36 37 38 39 40 
47 13 15 18 24 29 
55 3 7 24 
25 10 22 24 
61 24 
96 24 25 
69 24 
20 23 24 36 
57 19 23 24 
54 8 18 24 
34 16 24 
58 12 15 24 
81 3 20 24 31 
23 3 24 
76 10 13 24 39 
32 24 38 
66 24 
40
89 7 10 14 24 30 
26 17 22 23 24 39 
15 7 9 15 24 26 27 30 36 37 
80 20 23 24 
43 19 24 37 
83 13 15 16 24 38 
72 1 3 8 13 15 22 24 26 31 
88 7 9 15 19 20 24 33 
97 3 8 22 23 24 25 31 33 39 
23 1 12 13 19 20 24 26 27 38 
26 17 19 21 24 
76 10 13 24 35 
96 6 7 10 12 21 23 24 25 38 
99 1 16 24 37 
74 3 6 7 8 18 24 25 35 
71 6 14 22 24 34 
75 2 11 24 37 40 
67 15 24 25 33 
49 5 8 10 11 23 24 25 32 33 34 35 
29 4 8 10 24 29 34 36 
94 11 13 24 26 27 33 
61 2 7 9 16 24 27 32 39 
45 2 4 9 13 19 24 31 32 34 
18 1 2 3 4 5 6 7 8 9 10 11 12 13 14 15 16 17 18 19 20 21 22 23 25 26 27 28 29 30 31 32 33 34 35 36 37 38 39 40 
47 9 13 15 18 19 24 29 38 
55 3 7 10 21 24 32 
25 3 10 21 22 24 33 
61 24 
96 20 24 25 35 36 
69 1 3 24 31 35 
20 7 9 23 24 30 36 
57 19 22 23 24 26 33 
54 8 9 18 19 21 24 27 32 
34 16 19 20 23 24 39 40 
58 12 15 19 24 29 30 
81 3 20 24 29 31 
23 3 5 14 17 24 
76 6 10 13 24 25 39 
32 2 9 22 24 34 38 
66 17 24 34 
40
89 2 7 10 14 24 30 37 40 
26 1 6 16 17 22 23 24 32 39 
15 7 9 15 17 24 26 27 30 36 37 
80 12 20 23 24 30 
43 19 23 24 29 32 37 
83 2 13 15 16 18 19 20 24 32 38 
72 1 3 8 10 13 15 21 22 24 26 29 31 37 
88 7 9 15 17 19 20 24 27 33 
97 3 8 10 18 21 22 23 24 25 31 33 39 
23 1 7 9 12 13 19 20 24 25 26 27 30 31 38 
26 17 19 21 24 26 
76 4 10 13 15 24 35 
96 6 7 10 12 21 23 24 25 27 33 38 
99 1 15 16 23 24 37 40 
74 3 6 7 8 12 14 18 24 25 33 35 
71 2 6 14 20 22 24 34 38 
75 2 3 8 11 24 29 32 37 40 
67 6 9 15 22 24 25 27 33 
49 5 6 8 10 11 21 23 24 25 26 27 32 33 34 35 
29 4 6 8 10 16 24 29 34 35 36 37 
94 7 9 11 13 19 24 25 26 27 30 33 
61 2 7 9 16 18 24 27 32 39 
45 2 4 5 9 13 14 19 24 31 32 34 
18 1 2 3 4 5 6 7 8 9 10 11 12 13 14 15 16 17 18 19 20 21 22 23 25 26 27 28 29 30 31 32 33 34 35 36 37 38 39 40 
47 9 10 13 15 18 19 21 24 29 38 40 
55 3 7 10 11 19 21 24 32 33 36 
25 3 8 10 13 18 19 21 22 24 30 33 34 
61 24 
96 5 7 17 20 24 25 35 36 40 
69 1 3 4 10 21 24 27 31 35 
20 7 9 10 23 24 30 36 37 
57 2 5 6 17 19 22 23 24 26 33 40 
54 8 9 13 15 18 19 21 24 26 27 32 
34 16 19 20 23 24 27 39 40 
58 12 15 19 20 24 29 30 
81 3 20 24 26 29 31 37 
23 1 3 5 7 14 17 20 24 31 36 
76 6 10 13 16 24 25 39 
32 2 9 22 24 34 38 
66 1 14 17 24 25 29 32 34 
40
89 2 6 7 10 13 14 20 22 24 26 30 37 40 
26 1 6 8 13 16 17 22 23 24 29 30 32 33 39 
15 7 8 9 15 17 22 24 26 27 30 32 36 37 
80 6 12 17 20 23 24 30 32 
43 13 19 23 24 29 32 37 
83 1 2 4 13 15 16 18 19 20 24 25 32 38 
72 1 3 8 10 13 15 18 21 22 24 26 29 31 37 40 
88 2 3 7 9 15 17 19 20 24 27 31 33 36 39 
97 3 8 10 18 21 22 23 24 25 26 28 31 33 39 
23 1 7 9 11 12 13 19 20 24 25 26 27 30 31 38 
26 10 17 19 21 24 26 35 40 
76 4 10 13 15 21 24 30 35 
96 1 2 5 6 7 10 12 21 23 24 25 27 33 38 
99 1 15 16 19 20 23 24 33 37 40 
74 3 6 7 8 12 14 18 24 25 33 35 37 
71 2 6 14 20 22 24 34 38 
75 2 3 4 8 11 24 28 29 32 37 40 
67 6 7 9 15 22 23 24 25 26 27 28 33 
49 5 6 8 10 11 14 21 23 24 25 26 27 28 32 33 34 35 
29 1 4 6 8 10 14 16 24 29 34 35 36 37 
94 7 9 11 12 13 19 24 25 26 27 30 33 36 39 
61 1 2 3 7 9 16 18 24 26 27 28 32 36 39 
45 2 4 5 9 13 14 18 19 24 30 31 32 34 
18 1 2 3 4 5 6 7 8 9 10 11 12 13 14 15 16 17 18 19 20 21 22 23 25 26 27 28 29 30 31 32 33 34 35 36 37 38 39 40 
47 6 9 10 13 15 18 19 21 24 29 38 40 
55 1 3 7 9 10 11 18 19 21 22 24 31 32 33 36 
25 3 8 10 13 18 19 21 22 24 30 33 34 
61 9 17 18 19 22 24 35 39 
96 2 5 7 17 20 24 25 35 36 39 40 
69 1 2 3 4 10 12 21 23 24 27 31 35 38 
20 7 8 9 10 23 24 26 30 36 37 
57 2 3 4 5 6 17 19 22 23 24 26 33 37 40 
54 2 8 9 13 14 15 18 19 21 24 26 27 32 
34 16 19 20 23 24 27 38 39 40 
58 11 12 15 19 20 24 28 29 30 
81 3 8 20 21 22 24 26 29 31 37 
23 1 3 5 7 14 15 17 20 24 31 32 36 40 
76 6 10 13 16 24 25 30 34 39 
32 2 8 9 21 22 24 28 29 34 38 40 
66 1 7 11 14 17 24 25 29 32 34 37 39 
40
89 2 4 6 7 10 13 14 20 22 24 26 30 37 39 40 
26 1 5 6 8 10 13 16 17 22 23 24 29 30 32 33 39 
15 7 8 9 15 17 22 24 26 27 30 32 35 36 37 
80 1 6 12 17 20 23 24 30 32 
43 2 13 19 23 24 25 29 32 37 
83 1 2 4 10 13 15 16 18 19 20 24 25 32 34 38 
72 1 3 8 10 13 15 16 18 21 22 24 26 28 29 31 34 37 40 
88 2 3 7 9 15 16 17 19 20 24 27 31 33 36 39 
97 3 8 10 18 19 21 22 23 24 25 26 28 29 31 33 39 40 
23 1 2 6 7 9 11 12 13 19 20 24 25 26 27 29 30 31 32 38 40 
26 10 17 19 21 24 26 30 32 35 40 
76 4 10 13 14 15 17 20 21 24 30 35 
96 1 2 5 6 7 10 12 20 21 23 24 25 27 33 38 40 
99 1 12 15 16 18 19 20 23 24 25 33 35 37 38 40 
74 3 6 7 8 12 14 18 24 25 26 33 35 37 
71 2 6 7 8 14 20 22 24 26 34 38 
75 2 3 4 8 11 12 20 24 28 29 32 37 40 
67 6 7 9 14 15 22 23 24 25 26 27 28 33 35 
49 5 6 8 9 10 11 14 21 23 24 25 26 27 28 32 33 34 35 38 
29 1 4 6 8 10 12 13 14 16 17 24 25 29 30 34 35 36 37 
94 7 9 11 12 13 19 24 25 26 27 29 30 33 35 36 37 39 
61 1 2 3 7 9 16 18 24 25 26 27 28 31 32 36 39 
45 2 4 5 9 13 14 18 19 24 28 30 31 32 34 
18 1 2 3 4 5 6 7 8 9 10 11 12 13 14 15 16 17 18 19 20 21 22 23 25 26 27 28 29 30 31 32 33 34 35 36 37 38 39 40 
47 5 6 9 10 13 14 15 18 19 20 21 22 24 26 29 38 40 
55 1 3 7 9 10 11 15 16 18 19 21 22 24 25 31 32 33 36 
25 3 8 10 13 18 19 21 22 24 30 31 33 34 
61 7 9 17 18 19 22 23 24 35 37 39 
96 2 5 7 9 10 17 20 21 24 25 31 35 36 39 40 
69 1 2 3 4 10 11 12 20 21 23 24 27 31 35 38 
20 7 8 9 10 22 23 24 26 27 29 30 34 36 37 
57 2 3 4 5 6 10 11 17 19 22 23 24 26 33 37 40 
54 2 8 9 13 14 15 18 19 21 24 26 27 32 
34 6 7 16 19 20 23 24 27 31 35 38 39 40 
58 3 11 12 14 15 18 19 20 21 24 28 29 30 34 36 38 
81 3 8 20 21 22 24 26 29 31 35 37 
23 1 3 5 7 14 15 17 20 21 24 28 31 32 36 40 
76 6 10 13 14 16 19 24 25 30 34 35 39 
32 1 2 8 9 21 22 24 28 29 34 38 40 
66 1 7 9 10 11 13 14 17 24 25 29 32 34 37 39 
40
89 2 4 6 7 9 10 13 14 15 20 22 24 26 27 29 30 32 35 37 39 40 
26 1 5 6 8 10 13 16 17 22 23 24 29 30 32 33 39 40 
15 5 7 8 9 15 17 22 24 26 27 30 32 35 36 37 
80 1 6 12 17 20 22 23 24 30 32 33 37 
43 2 3 11 13 19 20 23 24 25 27 29 32 37 39 
83 1 2 4 10 11 13 15 16 18 19 20 24 25 31 32 34 38 
72 1 3 8 10 13 15 16 18 19 21 22 24 26 27 28 29 31 34 37 40 
88 2 3 7 9 15 16 17 19 20 24 27 31 33 36 39 40 
97 1 3 8 10 14 18 19 21 22 23 24 25 26 27 28 29 31 32 33 36 39 40 
23 1 2 6 7 9 11 12 13 19 20 21 24 25 26 27 29 30 31 32 38 40 
26 5 6 10 12 17 19 21 24 26 30 32 35 36 37 40 
76 4 10 11 13 14 15 17 20 21 24 30 32 34 35 
96 1 2 5 6 7 10 12 20 21 23 24 25 27 33 38 40 
99 1 9 12 15 16 18 19 20 23 24 25 33 35 37 38 39 40 
74 1 3 6 7 8 12 14 18 21 24 25 26 33 34 35 37 
71 2 6 7 8 14 20 22 24 26 34 38 
75 2 3 4 8 11 12 20 22 23 24 26 28 29 32 37 40 
67 6 7 9 14 15 21 22 23 24 25 26 27 28 33 35 
49 5 6 7 8 9 10 11 14 21 23 24 25 26 27 28 32 33 34 35 38 
29 1 4 5 6 8 10 12 13 14 16 17 24 25 29 30 31 34 35 36 37 
94 7 9 10 11 12 13 15 18 19 24 25 26 27 29 30 33 35 36 37 39 
61 1 2 3 4 7 9 16 17 18 24 25 26 27 28 31 32 34 36 39 40 
45 2 4 5 9 13 14 17 18 19 24 28 30 31 32 34 
18 1 2 3 4 5 6 7 8 9 10 11 12 13 14 15 16 17 18 19 20 21 22 23 25 26 27 28 29 30 31 32 33 34 35 36 37 38 39 40 
47 5 6 9 10 13 14 15 18 19 20 21 22 24 26 29 36 38 40 
55 1 3 7 9 10 11 15 16 17 18 19 21 22 24 25 31 32 33 34 36 
25 1 3 5 7 8 9 10 13 18 19 21 22 24 30 31 32 33 34 40 
61 7 9 17 18 19 22 23 24 33 35 37 39 
96 1 2 5 7 9 10 17 20 21 24 25 31 35 36 38 39 40 
69 1 2 3 4 10 11 12 20 21 23 24 27 31 34 35 38 
20 6 7 8 9 10 20 22 23 24 26 27 29 30 34 36 37 
57 1 2 3 4 5 6 9 10 11 12 17 19 22 23 24 26 27 33 37 40 
54 2 4 8 9 13 14 15 18 19 21 24 26 27 28 32 
34 6 7 12 15 16 19 20 22 23 24 26 27 30 31 35 37 38 39 40 
58 1 3 11 12 14 15 18 19 20 21 24 28 29 30 34 36 38 
81 3 8 9 11 20 21 22 24 25 26 29 31 35 37 
23 1 3 4 5 7 11 14 15 17 20 21 24 28 31 32 34 36 39 40 
76 6 10 13 14 16 19 24 25 29 30 34 35 39 
32 1 2 5 8 9 14 21 22 24 28 29 34 37 38 40 
66 1 2 7 8 9 10 11 13 14 17 22 24 25 27 29 32 34 37 39 
40
89 2 3 4 6 7 9 10 13 14 15 16 20 22 24 26 27 29 30 32 35 37 39 40 
26 1 5 6 8 10 12 13 16 17 22 23 24 29 30 32 33 35 39 40 
15 1 5 7 8 9 15 17 22 24 26 27 30 31 32 35 36 37 38 
80 1 6 8 12 17 19 20 22 23 24 30 32 33 37 
43 2 3 11 13 15 19 20 23 24 25 27 29 32 37 39 
83 1 2 4 10 11 13 15 16 18 19 20 24 25 26 31 32 34 36 38 39 
72 1 3 8 10 13 15 16 18 19 21 22 24 26 27 28 29 31 34 37 38 40 
88 2 3 4 7 9 15 16 17 19 20 22 23 24 27 30 31 33 36 39 40 
97 1 3 8 10 14 18 19 21 22 23 24 25 26 27 28 29 31 32 33 36 39 40 
23 1 2 6 7 9 11 12 13 15 16 18 19 20 21 24 25 26 27 29 30 31 32 38 40 
26 5 6 10 12 17 18 19 21 24 26 30 32 35 36 37 40 
76 2 4 10 11 13 14 15 17 20 21 24 26 28 30 32 34 35 
96 1 2 5 6 7 10 12 16 20 21 23 24 25 27 33 38 39 40 
99 1 9 12 15 16 18 19 20 23 24 25 27 33 35 37 38 39 40 
74 1 3 5 6 7 8 10 12 14 18 19 21 24 25 26 33 34 35 37 39 40 
71 1 2 6 7 8 10 13 14 18 19 20 22 24 26 30 34 38 
75 2 3 4 8 11 12 20 22 23 24 26 28 29 30 32 36 37 40 
67 6 7 9 10 11 14 15 16 21 22 23 24 25 26 27 28 33 35 
49 4 5 6 7 8 9 10 11 14 15 16 21 23 24 25 26 27 28 32 33 34 35 38 
29 1 4 5 6 8 10 12 13 14 16 17 24 25 29 30 31 34 35 36 37 40 
94 7 9 10 11 12 13 15 18 19 24 25 26 27 29 30 33 35 36 37 39 40 
61 1 2 3 4 7 8 9 16 17 18 24 25 26 27 28 31 32 34 36 39 40 
45 2 4 5 8 9 13 14 17 18 19 24 28 30 31 32 34 37 
18 1 2 3 4 5 6 7 8 9 10 11 12 13 14 15 16 17 18 19 20 21 22 23 25 26 27 28 29 30 31 32 33 34 35 36 37 38 39 40 
47 5 6 9 10 13 14 15 18 19 20 21 22 24 26 29 31 32 33 36 38 40 
55 1 3 6 7 9 10 11 12 15 16 17 18 19 21 22 24 25 31 32 33 34 36 37 38 
25 1 3 5 7 8 9 10 13 14 18 19 21 22 24 30 31 32 33 34 40 
61 7 9 12 17 18 19 22 23 24 32 33 35 37 39 40 
96 1 2 5 7 9 10 17 20 21 24 25 31 35 36 38 39 40 
69 1 2 3 4 8 10 11 12 16 17 20 21 23 24 27 31 34 35 38 40 
20 3 6 7 8 9 10 20 22 23 24 25 26 27 29 30 34 36 37 
57 1 2 3 4 5 6 9 10 11 12 17 19 22 23 24 25 26 27 28 33 37 40 
54 2 4 8 9 13 14 15 18 19 21 24 25 26 27 28 32 40 
34 6 7 12 15 16 19 20 22 23 24 26 27 30 31 35 37 38 39 40 
58 1 2 3 11 12 14 15 18 19 20 21 24 28 29 30 34 36 38 
81 3 6 8 9 11 17 20 21 22 24 25 26 29 31 35 37 
23 1 3 4 5 7 11 14 15 17 20 21 23 24 26 28 31 32 34 36 39 40 
76 3 6 7 10 13 14 16 19 24 25 26 29 30 34 35 39 
32 1 2 5 6 8 9 13 14 15 21 22 24 28 29 34 37 38 40 
66 1 2 7 8 9 10 11 13 14 15 17 20 21 22 24 25 27 28 29 30 32 33 34 37 39 
40
89 2 3 4 6 7 9 10 13 14 15 16 17 20 21 22 24 26 27 29 30 32 35 37 39 40 
26 1 5 6 7 8 10 12 13 16 17 19 22 23 24 25 29 30 32 33 35 39 40 
15 1 5 7 8 9 14 15 17 20 22 24 26 27 30 31 32 35 36 37 38 
80 1 6 8 11 12 14 17 19 20 22 23 24 30 32 33 36 37 
43 2 3 7 11 13 15 18 19 20 21 23 24 25 27 29 31 32 34 36 37 39 
83 1 2 4 10 11 13 15 16 18 19 20 24 25 26 31 32 34 36 38 39 
72 1 2 3 5 8 10 13 14 15 16 18 19 21 22 24 26 27 28 29 31 32 34 37 38 40 
88 2 3 4 7 9 12 15 16 17 19 20 22 23 24 27 30 31 33 36 39 40 
97 1 3 8 10 14 17 18 19 21 22 23 24 25 26 27 28 29 31 32 33 36 39 40 
23 1 2 6 7 9 11 12 13 15 16 18 19 20 21 24 25 26 27 29 30 31 32 38 40 
26 4 5 6 10 12 15 17 18 19 21 23 24 26 30 31 32 35 36 37 40 
76 2 4 8 10 11 13 14 15 17 20 21 24 25 26 28 29 30 31 32 34 35 
96 1 2 5 6 7 10 12 16 20 21 23 24 25 27 33 36 38 39 40 
99 1 3 4 7 9 12 15 16 18 19 20 23 24 25 27 30 33 34 35 37 38 39 40 
74 1 3 5 6 7 8 10 11 12 14 17 18 19 21 24 25 26 33 34 35 37 39 40 
71 1 2 6 7 8 10 13 14 18 19 20 22 23 24 26 28 30 34 37 38 39 
75 1 2 3 4 8 9 11 12 15 20 22 23 24 26 28 29 30 32 36 37 40 
67 5 6 7 9 10 11 14 15 16 21 22 23 24 25 26 27 28 30 33 35 
49 2 4 5 6 7 8 9 10 11 14 15 16 21 23 24 25 26 27 28 29 31 32 33 34 35 38 
29 1 3 4 5 6 8 10 12 13 14 16 17 24 25 29 30 31 34 35 36 37 40 
94 1 5 7 9 10 11 12 13 15 18 19 22 24 25 26 27 29 30 33 35 36 37 39 40 
61 1 2 3 4 7 8 9 16 17 18 21 24 25 26 27 28 31 32 34 36 39 40 
45 2 4 5 8 9 11 13 14 16 17 18 19 24 28 30 31 32 34 37 
18 1 2 3 4 5 6 7 8 9 10 11 12 13 14 15 16 17 18 19 20 21 22 23 25 26 27 28 29 30 31 32 33 34 35 36 37 38 39 40 
47 2 5 6 9 10 12 13 14 15 18 19 20 21 22 24 26 29 31 32 33 36 38 40 
55 1 3 6 7 9 10 11 12 15 16 17 18 19 21 22 24 25 31 32 33 34 36 37 38 
25 1 3 5 7 8 9 10 13 14 18 19 21 22 24 30 31 32 33 34 40 
61 7 9 12 16 17 18 19 22 23 24 32 33 35 36 37 39 40 
96 1 2 5 7 9 10 12 17 19 20 21 24 25 31 35 36 38 39 40 
69 1 2 3 4 8 10 11 12 14 16 17 18 20 21 23 24 27 31 34 35 38 40 
20 3 5 6 7 8 9 10 11 12 19 20 22 23 24 25 26 27 29 30 33 34 36 37 39 
57 1 2 3 4 5 6 7 9 10 11 12 17 19 22 23 24 25 26 27 28 33 37 40 
54 2 4 8 9 13 14 15 18 19 21 24 25 26 27 28 31 32 40 
34 5 6 7 12 14 15 16 19 20 22 23 24 26 27 30 31 35 37 38 39 40 
58 1 2 3 11 12 14 15 18 19 20 21 24 28 29 30 34 36 38 
81 3 4 5 6 8 9 11 13 17 20 21 22 24 25 26 28 29 31 35 37 
23 1 3 4 5 7 11 14 15 16 17 20 21 23 24 26 28 31 32 34 36 39 40 
76 3 6 7 10 13 14 16 19 24 25 26 29 30 34 35 39 40 
32 1 2 5 6 8 9 13 14 15 16 21 22 24 28 29 31 34 37 38 40 
66 1 2 7 8 9 10 11 13 14 15 17 20 21 22 24 25 27 28 29 30 32 33 34 37 38 39 
40
89 2 3 4 6 7 9 10 13 14 15 16 17 20 21 22 24 26 27 29 30 31 32 35 37 39 40 
26 1 5 6 7 8 10 12 13 16 17 19 22 23 24 25 27 29 30 32 33 35 39 40 
15 1 5 6 7 8 9 12 14 15 17 20 22 24 26 27 30 31 32 35 36 37 38 
80 1 6 8 11 12 14 17 19 20 22 23 24 25 30 32 33 36 37 
43 2 3 7 11 13 14 15 18 19 20 21 23 24 25 27 29 31 32 34 36 37 39 
83 1 2 3 4 10 11 13 15 16 18 19 20 24 25 26 27 31 32 34 36 38 39 
72 1 2 3 5 8 9 10 13 14 15 16 18 19 21 22 24 26 27 28 29 31 32 34 37 38 40 
88 2 3 4 7 9 12 15 16 17 19 20 22 23 24 27 30 31 33 34 36 39 40 
97 1 3 7 8 10 14 17 18 19 21 22 23 24 25 26 27 28 29 31 32 33 36 39 40 
23 1 2 6 7 9 11 12 13 15 16 18 19 20 21 22 24 25 26 27 29 30 31 32 34 38 40 
26 4 5 6 10 12 15 17 18 19 21 23 24 26 30 31 32 35 36 37 40 
76 2 3 4 8 10 11 13 14 15 17 20 21 24 25 26 28 29 30 31 32 34 35 38 
96 1 2 5 6 7 10 12 16 20 21 23 24 25 27 33 36 38 39 40 
99 1 3 4 5 7 9 12 15 16 18 19 20 23 24 25 27 28 30 33 34 35 37 38 39 40 
74 1 3 5 6 7 8 10 11 12 14 17 18 19 21 23 24 25 26 27 33 34 35 37 39 40 
71 1 2 6 7 8 10 13 14 18 19 20 22 23 24 26 28 30 34 37 38 39 
75 1 2 3 4 8 9 11 12 15 20 21 22 23 24 26 28 29 30 32 35 36 37 40 
67 5 6 7 9 10 11 14 15 16 20 21 22 23 24 25 26 27 28 30 33 35 37 39 40 
49 2 4 5 6 7 8 9 10 11 14 15 16 21 23 24 25 26 27 28 29 31 32 33 34 35 38 
29 1 3 4 5 6 8 10 12 13 14 16 17 18 24 25 26 29 30 31 34 35 36 37 40 
94 1 5 7 9 10 11 12 13 15 17 18 19 22 24 25 26 27 29 30 33 34 35 36 37 39 40 
61 1 2 3 4 7 8 9 10 16 17 18 21 24 25 26 27 28 31 32 33 34 36 39 40 
45 2 4 5 8 9 11 13 14 15 16 17 18 19 24 28 30 31 32 34 37 40 
18 1 2 3 4 5 6 7 8 9 10 11 12 13 14 15 16 17 18 19 20 21 22 23 25 26 27 28 29 30 31 32 33 34 35 36 37 38 39 40 
47 2 4 5 6 9 10 12 13 14 15 18 19 20 21 22 24 26 29 31 32 33 36 38 39 40 
55 1 3 6 7 9 10 11 12 15 16 17 18 19 20 21 22 24 25 31 32 33 34 36 37 38 
25 1 2 3 5 6 7 8 9 10 13 14 15 18 19 21 22 24 30 31 32 33 34 37 40 
61 7 9 12 14 16 17 18 19 22 23 24 30 32 33 35 36 37 39 40 
96 1 2 5 7 9 10 12 17 19 20 21 24 25 31 32 35 36 38 39 40 
69 1 2 3 4 8 10 11 12 14 16 17 18 20 21 23 24 27 28 31 33 34 35 38 39 40 
20 1 3 5 6 7 8 9 10 11 12 19 20 22 23 24 25 26 27 29 30 33 34 36 37 39 
57 1 2 3 4 5 6 7 9 10 11 12 17 19 22 23 24 25 26 27 28 29 33 37 40 
54 2 4 8 9 13 14 15 18 19 21 22 24 25 26 27 28 30 31 32 40 
34 5 6 7 8 10 12 14 15 16 19 20 21 22 23 24 26 27 30 31 35 37 38 39 40 
58 1 2 3 11 12 14 15 17 18 19 20 21 24 28 29 30 34 36 38 
81 3 4 5 6 8 9 11 13 17 20 21 22 24 25 26 28 29 31 35 37 
23 1 3 4 5 7 11 14 15 16 17 18 20 21 23 24 26 27 28 31 32 34 36 39 40 
76 3 6 7 10 12 13 14 16 19 24 25 26 29 30 34 35 39 40 
32 1 2 5 6 8 9 13 14 15 16 18 21 22 24 25 28 29 30 31 34 37 38 40 
66 1 2 7 8 9 10 11 13 14 15 17 18 20 21 22 23 24 25 27 28 29 30 32 33 34 37 38 39 
40
89 2 3 4 6 7 9 10 13 14 15 16 17 20 21 22 24 26 27 29 30 31 32 35 36 37 39 40 
26 1 5 6 7 8 10 11 12 13 14 16 17 19 22 23 24 25 27 29 30 32 33 35 38 39 40 
15 1 5 6 7 8 9 12 14 15 17 20 22 24 26 27 29 30 31 32 35 36 37 38 39 
80 1 5 6 8 11 12 14 17 19 20 22 23 24 25 29 30 32 33 36 37 
43 2 3 4 7 11 13 14 15 18 19 20 21 23 24 25 27 29 31 32 34 36 37 39 
83 1 2 3 4 10 11 13 15 16 18 19 20 24 25 26 27 31 32 34 36 38 39 
72 1 2 3 5 8 9 10 13 14 15 16 18 19 21 22 24 26 27 28 29 31 32 34 37 38 40 
88 2 3 4 7 9 12 13 15 16 17 19 20 22 23 24 27 30 31 33 34 36 39 40 
97 1 3 7 8 10 12 14 17 18 19 21 22 23 24 25 26 27 28 29 31 32 33 36 39 40 
23 1 2 6 7 9 11 12 13 15 16 18 19 20 21 22 24 25 26 27 29 30 31 32 34 38 40 
26 2 4 5 6 10 12 15 17 18 19 21 23 24 26 30 31 32 35 36 37 40 
76 2 3 4 8 9 10 11 13 14 15 17 20 21 24 25 26 27 28 29 30 31 32 34 35 38 39 
96 1 2 5 6 7 8 10 12 16 19 20 21 23 24 25 27 30 33 36 38 39 40 
99 1 2 3 4 5 7 9 12 15 16 18 19 20 23 24 25 26 27 28 30 33 34 35 37 38 39 40 
74 1 3 5 6 7 8 10 11 12 14 16 17 18 19 21 23 24 25 26 27 32 33 34 35 37 39 40 
71 1 2 6 7 8 10 13 14 15 18 19 20 22 23 24 26 28 30 34 37 38 39 
75 1 2 3 4 8 9 11 12 15 20 21 22 23 24 26 27 28 29 30 32 35 36 37 40 
67 5 6 7 9 10 11 14 15 16 20 21 22 23 24 25 26 27 28 30 33 35 37 39 40 
49 2 4 5 6 7 8 9 10 11 13 14 15 16 21 23 24 25 26 27 28 29 31 32 33 34 35 38 
29 1 3 4 5 6 8 10 12 13 14 16 17 18 24 25 26 29 30 31 32 34 35 36 37 40 
94 1 5 7 9 10 11 12 13 15 17 18 19 22 24 25 26 27 29 30 33 34 35 36 37 39 40 
61 1 2 3 4 7 8 9 10 16 17 18 21 24 25 26 27 28 31 32 33 34 36 39 40 
45 2 4 5 8 9 11 13 14 15 16 17 18 19 24 28 30 31 32 34 37 40 
18 1 2 3 4 5 6 7 8 9 10 11 12 13 14 15 16 17 18 19 20 21 22 23 25 26 27 28 29 30 31 32 33 34 35 36 37 38 39 40 
47 2 4 5 6 9 10 12 13 14 15 18 19 20 21 22 24 26 28 29 31 32 33 36 38 39 40 
55 1 3 6 7 9 10 11 12 14 15 16 17 18 19 20 21 22 24 25 28 31 32 33 34 36 37 38 
25 1 2 3 5 6 7 8 9 10 12 13 14 15 17 18 19 21 22 24 30 31 32 33 34 37 40 
61 7 9 12 14 16 17 18 19 22 23 24 25 26 30 32 33 35 36 37 39 40 
96 1 2 3 4 5 7 9 10 12 17 19 20 21 24 25 30 31 32 35 36 38 39 40 
69 1 2 3 4 8 10 11 12 13 14 16 17 18 20 21 23 24 27 28 29 31 32 33 34 35 38 39 40 
20 1 3 5 6 7 8 9 10 11 12 19 20 22 23 24 25 26 27 29 30 33 34 36 37 39 
57 1 2 3 4 5 6 7 9 10 11 12 15 17 19 20 22 23 24 25 26 27 28 29 30 33 37 40 
54 2 4 8 9 13 14 15 18 19 21 22 24 25 26 27 28 30 31 32 37 40 
34 5 6 7 8 10 12 14 15 16 19 20 21 22 23 24 26 27 30 31 35 37 38 39 40 
58 1 2 3 11 12 14 15 17 18 19 20 21 24 28 29 30 34 36 38 
81 1 3 4 5 6 8 9 11 13 17 20 21 22 24 25 26 28 29 31 35 37 
23 1 3 4 5 7 11 14 15 16 17 18 20 21 23 24 26 27 28 31 32 33 34 36 39 40 
76 2 3 6 7 10 12 13 14 16 19 24 25 26 29 30 34 35 39 40 
32 1 2 3 5 6 8 9 12 13 14 15 16 18 21 22 24 25 28 29 30 31 34 37 38 40 
66 1 2 7 8 9 10 11 13 14 15 17 18 20 21 22 23 24 25 27 28 29 30 32 33 34 37 38 39 
0