40
84 7 10 20 21 24 26 28 29 30 31 33 40 
67 3 6 7 8 10 16 23 26 29 30 31 40 
39 2 4 6 8 9 10 12 15 16 17 20 21 26 29 30 31 40 
65 3 7 15 16 22 23 28 31 33 35 37 38 40 
13 7 11 12 13 18 19 21 26 27 31 33 37 39 40 
55 2 3 10 11 15 27 28 31 32 35 
66 1 2 4 5 12 20 22 23 25 31 38 
58 2 3 10 13 16 17 26 27 29 31 32 35 38 
54 3 10 11 14 16 22 25 26 29 30 31 
95 1 2 3 6 8 9 16 21 22 23 30 31 32 38 
15 5 6 9 12 14 21 24 25 31 34 36 38 
72 3 5 7 11 22 23 25 31 36 
70 5 8 19 20 23 28 31 33 
38 9 11 17 20 26 31 34 35 36 37 40 
38 3 4 6 21 25 26 27 28 29 30 31 33 
51 2 3 4 8 9 10 17 26 28 31 33 36 37 
80 3 8 14 16 20 22 23 26 29 30 31 32 33 35 
95 5 20 27 28 29 31 32 36 38 
64 5 13 20 26 27 31 36 
16 1 3 7 13 14 17 18 19 27 28 29 31 32 33 37 
22 1 3 5 10 11 15 25 26 30 31 34 37 
79 4 7 9 10 12 17 24 30 31 33 36 
70 2 4 7 10 12 13 17 25 26 31 34 35 36 38 
33 1 11 22 26 27 31 37 38 39 40 
33 7 9 11 12 15 21 23 28 29 31 34 38 40 
12 1 2 3 5 8 9 14 15 16 17 19 21 23 24 28 31 32 34 35 36 39 
76 5 6 8 15 18 19 20 24 28 29 30 31 34 40 
78 1 4 6 13 15 16 18 20 25 26 27 31 34 38 39 
37 1 2 3 8 9 15 17 18 20 25 27 31 34 35 38 
71 1 2 3 9 10 15 17 21 22 27 31 38 
67 1 2 3 4 5 6 7 8 9 10 11 12 13 14 15 16 17 18 19 20 21 22 23 24 25 26 27 28 29 30 32 33 34 35 36 37 38 39 40 
45 6 8 10 17 18 20 26 31 33 35 36 39 
63 1 4 5 13 15 16 17 20 22 31 32 39 
65 11 14 21 23 25 26 27 28 29 31 35 38 
28 4 6 8 14 17 23 26 29 31 32 34 
88 11 12 14 16 18 19 22 23 26 31 32 
87 4 5 14 16 20 21 24 31 39 
11 4 7 8 10 11 18 23 24 25 28 29 30 31 34 40 
23 5 24 26 28 31 32 33 37 
11 1 2 3 4 5 14 24 25 27 31 38 
0