100
38 3 4 5 11 16 17 19 21 26 27 30 31 34 37 38 39 41 43 46 48 51 53 54 56 59 62 63 77 91 94 
43 5 7 9 12 14 15 23 26 27 28 30 31 34 37 39 42 44 45 46 49 50 56 67 69 75 77 81 84 85 89 93 94 96 99 100 
11 1 7 8 11 15 16 17 19 21 22 29 32 33 36 44 50 51 53 55 57 58 60 61 63 72 74 76 77 79 83 84 86 87 91 95 96 97 100 
37 1 5 9 13 15 27 28 30 32 35 37 39 44 47 48 49 50 51 54 56 61 62 63 65 67 73 75 77 78 86 92 93 95 
33 1 2 4 9 14 17 18 20 21 29 30 31 36 37 39 42 53 55 56 61 63 66 70 73 74 75 77 82 84 86 88 89 96 97 99 
60 7 15 21 22 24 25 30 31 34 37 50 60 63 70 71 77 79 84 86 88 90 92 93 94 95 98 
26 2 3 6 9 13 23 24 28 30 31 34 36 37 46 48 49 52 53 54 60 61 62 63 66 74 76 77 78 87 88 96 99 
70 3 9 10 14 16 22 28 32 36 37 38 39 41 42 45 49 54 55 60 64 66 67 71 73 75 76 77 81 82 84 86 87 94 95 96 97 
74 2 4 5 7 8 10 12 13 16 21 23 29 30 32 34 37 40 41 45 49 51 53 56 59 60 61 67 68 70 72 77 79 84 87 99 
78 8 9 12 18 28 32 37 39 40 43 45 46 47 48 50 51 52 56 57 59 60 64 66 77 79 80 82 83 84 85 87 88 92 98 100 
43 1 3 12 17 21 24 26 28 29 30 33 34 36 39 41 42 43 54 55 59 60 63 66 77 78 79 81 83 87 94 97 98 100 
70 2 9 10 11 14 15 18 19 20 22 24 27 33 46 50 51 52 65 66 68 71 77 79 84 87 97 
46 4 7 9 20 23 24 25 28 35 37 38 44 45 46 51 56 58 59 65 66 69 71 73 75 77 81 85 86 91 92 94 
91 2 5 8 12 17 18 22 24 28 34 38 41 48 52 53 54 55 57 59 66 72 75 77 81 84 86 88 89 94 96 
88 2 3 4 6 12 16 21 27 28 31 40 44 46 50 55 56 64 66 70 71 74 77 79 80 82 85 86 98 
75 1 3 8 9 15 18 27 29 32 34 37 40 41 46 47 50 51 55 60 63 66 70 74 77 78 84 87 89 92 96 
28 1 3 5 11 14 20 21 22 23 25 28 34 37 39 45 46 49 51 58 59 61 64 65 66 73 75 77 78 79 80 83 91 98 
61 5 10 12 14 16 19 20 22 28 30 36 38 39 46 53 55 58 68 69 71 77 80 81 84 88 90 91 92 94 100 
92 1 3 12 18 20 21 27 33 34 36 39 40 41 44 46 47 56 57 58 62 64 66 69 74 77 78 81 82 85 87 92 93 94 95 98 99 
14 5 12 13 17 18 19 23 26 28 30 34 35 41 45 46 48 49 50 53 59 63 68 69 71 72 73 74 75 77 79 82 84 85 87 88 89 91 92 96 97 98 
59 1 3 5 6 9 11 15 17 19 26 29 31 35 36 37 39 40 45 48 50 52 59 63 66 67 68 69 74 75 77 86 88 89 99 
35 3 6 8 12 14 17 18 23 24 26 29 32 41 42 44 52 54 56 61 66 74 76 77 83 84 86 88 95 96 99 100 
21 2 7 9 13 17 20 22 25 31 34 35 36 41 44 50 51 60 62 77 82 91 92 93 94 97 98 99 
79 6 7 11 12 13 14 22 27 31 33 34 37 39 43 47 49 51 56 58 65 67 71 77 78 84 89 93 100 
91 6 13 17 23 30 35 36 40 51 53 54 55 56 57 61 74 76 77 78 81 84 87 90 91 93 96 100 
92 1 2 11 20 21 22 29 33 34 35 38 42 43 50 53 54 56 59 61 62 65 66 75 77 81 82 86 88 94 95 97 99 
55 1 2 4 12 15 16 19 24 38 42 49 51 52 53 58 61 62 71 72 74 77 80 81 85 88 92 97 99 100 
97 2 4 7 8 10 11 13 14 15 17 18 20 29 40 41 43 44 45 51 53 55 57 58 61 64 69 71 73 75 77 78 79 86 88 95 96 97 100 
94 3 5 9 11 16 21 22 26 28 30 31 34 38 45 46 48 50 52 55 60 61 65 66 74 76 77 80 85 90 96 97 99 
93 1 2 4 5 6 7 9 11 18 20 25 29 36 37 38 40 43 44 45 47 50 53 54 57 58 61 64 70 71 72 73 76 77 78 81 91 92 93 
71 1 2 5 6 7 15 21 23 24 29 32 33 41 48 52 54 55 56 60 61 62 64 65 70 72 76 77 79 82 85 87 88 89 91 92 93 94 98 
20 3 4 8 9 10 16 22 31 38 39 41 43 45 48 52 55 56 59 62 63 66 67 68 69 73 75 76 77 80 82 83 86 97 
80 3 11 12 19 24 26 31 34 53 56 62 65 67 68 69 72 73 74 75 77 78 81 88 90 91 
16 1 2 6 7 9 11 14 16 17 19 20 23 24 26 29 33 35 37 38 41 43 45 46 47 49 53 55 56 57 63 66 68 72 76 77 80 83 85 87 88 89 94 95 
13 4 13 20 21 23 25 26 34 41 42 43 51 53 57 61 63 66 68 71 73 74 77 79 83 86 88 91 94 95 96 97 100 
35 3 5 7 8 11 18 19 21 23 25 30 37 40 41 43 44 45 46 48 49 51 54 56 59 60 61 66 67 68 75 77 78 81 84 86 91 93 94 
41 1 2 4 5 6 7 8 9 10 13 16 17 21 24 30 34 36 38 41 45 46 47 48 49 52 58 64 65 69 71 74 76 77 78 88 
28 1 8 13 14 18 26 27 29 30 32 34 37 39 40 42 44 45 48 50 53 59 64 71 74 77 80 83 91 
79 1 2 4 5 8 10 11 17 18 19 21 24 32 38 41 46 49 56 58 63 65 75 76 77 79 81 82 86 90 94 96 
60 9 10 15 16 19 21 25 28 30 36 38 42 44 45 48 49 52 54 56 57 69 73 77 89 92 93 97 100 
28 1 8 9 11 14 16 19 20 22 23 28 31 32 34 35 36 37 39 47 55 56 62 63 64 67 68 72 73 76 77 78 87 89 90 92 93 94 95 
48 2 5 8 11 22 26 27 35 38 40 44 45 47 50 62 69 72 74 77 78 79 82 83 86 87 90 95 99 100 
54 1 10 11 24 26 28 30 32 34 35 36 44 45 46 47 49 53 55 56 60 66 73 77 81 87 91 93 95 97 
82 2 3 4 13 15 19 22 23 28 30 36 38 40 42 43 45 50 55 56 66 67 70 71 77 79 82 85 86 89 90 91 95 
16 2 8 9 10 13 17 20 21 28 29 30 32 34 36 37 38 40 42 43 44 50 52 54 55 56 59 60 64 67 71 74 77 82 88 89 91 95 98 99 
46 1 2 7 10 12 13 15 16 17 18 19 20 29 34 36 37 39 43 53 56 59 61 63 64 66 69 70 74 77 80 82 88 89 92 95 97 98 99 
51 4 10 16 19 24 30 34 37 41 42 43 51 56 57 58 60 64 72 74 77 80 81 83 86 90 93 95 97 98 100 
52 1 4 7 10 14 20 21 29 31 32 36 37 38 40 54 59 62 63 65 68 69 74 77 79 82 83 88 91 
88 2 4 7 8 9 17 20 24 27 34 36 37 39 40 43 51 55 56 60 61 64 70 77 79 80 81 82 83 89 90 92 
44 2 3 4 6 10 12 15 16 20 21 23 26 29 30 38 42 44 45 55 56 59 63 67 70 72 75 77 80 83 84 85 87 88 90 97 
35 1 3 4 9 10 12 13 16 17 23 24 25 27 28 35 36 47 49 52 57 62 65 73 74 77 79 80 81 88 89 97 100 
27 7 10 12 14 21 22 27 29 31 32 37 40 45 51 57 58 62 71 73 77 79 82 85 87 89 92 
63 1 3 5 7 9 14 18 20 25 26 27 28 30 33 34 35 38 43 46 56 60 63 66 68 69 72 75 76 77 83 90 93 95 100 
64 1 4 7 8 11 14 22 25 26 30 31 36 40 45 48 61 63 65 69 73 74 77 83 84 85 86 91 95 100 
42 3 5 8 11 14 15 16 18 25 28 29 31 32 34 41 43 44 45 49 50 57 62 66 70 77 80 82 83 88 90 91 92 94 96 98 
86 1 2 4 5 9 10 13 15 19 22 24 25 26 31 32 33 34 36 39 40 41 43 44 45 46 47 49 50 53 58 71 77 78 84 93 94 97 99 
65 3 10 14 19 25 28 30 34 35 40 47 51 52 55 62 67 77 84 87 88 92 93 97 98 
63 3 13 17 18 19 24 27 28 30 37 39 47 52 56 61 62 64 65 67 72 77 78 82 83 86 88 95 
66 1 9 10 11 13 14 17 20 21 26 32 36 38 45 46 48 50 60 67 69 70 77 78 79 80 83 94 
85 3 6 7 8 9 10 11 16 23 29 31 36 43 45 47 49 53 59 62 67 69 72 73 74 76 77 86 90 93 99 100 
48 3 4 5 7 9 17 22 25 26 27 28 29 30 31 35 36 46 49 54 58 64 65 68 71 74 75 77 79 82 83 85 89 92 94 98 
47 1 4 7 19 23 26 27 31 32 33 41 42 48 51 52 55 57 58 60 63 64 67 71 73 76 77 79 81 82 86 89 97 99 
27 1 3 4 5 6 7 11 16 20 21 32 34 35 39 41 46 48 50 53 54 62 66 72 74 75 77 84 87 93 95 99 
11 8 10 15 17 19 28 30 31 37 38 41 45 46 47 49 58 61 62 65 68 71 72 73 76 77 86 89 90 94 97 
35 4 12 13 17 24 26 29 31 33 37 39 48 51 54 58 61 64 70 75 77 78 79 84 85 92 94 97 
98 5 7 8 10 11 12 13 14 15 16 17 19 21 22 26 29 32 34 35 36 43 44 46 53 55 63 67 71 77 80 91 92 94 98 
53 2 4 8 9 21 24 32 33 36 41 44 45 50 57 58 59 60 62 66 68 70 75 77 78 83 84 85 93 94 96 
47 9 12 18 20 21 32 33 34 35 36 41 48 53 61 64 67 72 73 74 77 79 82 83 85 88 89 92 93 94 
53 2 13 18 19 20 21 28 32 33 37 40 42 46 48 53 54 59 60 75 77 83 91 96 99 
72 5 6 9 15 16 30 31 44 46 49 50 55 59 65 67 75 77 79 82 88 89 93 94 97 
17 6 8 12 13 15 18 20 24 27 28 30 35 37 38 44 45 52 56 61 62 64 66 77 87 88 93 94 98 100 
99 3 9 14 20 27 30 31 33 34 41 42 47 50 53 58 60 63 64 68 75 77 79 90 94 96 
68 4 5 8 13 17 20 28 30 32 33 35 40 41 43 51 52 54 60 62 64 68 77 78 81 82 83 87 97 100 
37 3 5 7 15 16 19 20 21 22 25 27 29 33 35 37 38 42 45 46 47 48 51 54 60 61 63 68 75 76 77 83 90 93 96 100 
44 2 4 5 8 13 14 17 20 21 26 28 32 33 36 39 50 53 61 63 65 67 69 70 72 74 76 77 85 86 87 90 91 92 93 94 96 
38 3 7 8 22 25 29 30 31 32 34 37 39 41 53 60 62 64 74 75 77 78 83 84 85 88 90 91 93 94 98 99 
98 1 2 3 4 5 6 7 8 9 10 11 12 13 14 15 16 17 18 19 20 21 22 23 24 25 26 27 28 29 30 31 32 33 34 35 36 37 38 39 40 41 42 43 44 45 46 47 48 49 50 51 52 53 54 55 56 57 58 59 60 61 62 63 64 65 66 67 68 69 70 71 72 73 74 75 76 78 79 80 81 82 83 84 85 86 87 88 89 90 91 92 93 94 95 96 97 98 99 100 
67 4 7 11 16 17 19 24 25 28 30 33 36 37 41 42 56 58 59 65 67 73 76 77 79 85 86 87 89 92 93 95 97 98 
91 3 6 9 10 11 12 15 17 20 28 31 35 39 42 44 48 49 51 52 59 61 62 65 68 70 72 77 78 80 90 91 98 100 
62 10 15 17 18 27 29 32 34 38 46 47 49 50 51 55 59 66 77 79 81 82 84 87 97 98 100 
19 2 8 11 13 14 18 19 25 26 27 30 33 36 39 43 47 49 51 62 73 77 80 89 90 95 96 100 
23 5 8 10 15 19 20 23 26 31 32 39 42 44 45 46 48 49 52 55 58 61 62 68 70 73 77 80 91 93 99 
17 3 10 11 17 22 32 34 35 38 42 47 48 49 50 53 54 55 58 59 61 67 68 69 73 74 76 77 85 87 89 90 91 
94 2 3 5 6 8 9 10 12 14 16 18 20 22 24 25 36 50 54 56 57 63 65 67 76 77 80 86 89 91 97 99 
93 2 10 13 15 19 20 27 29 31 34 44 50 52 54 61 65 67 68 75 76 77 78 83 87 88 92 93 94 97 99 
87 3 4 5 6 8 13 14 15 21 22 26 28 32 35 36 39 42 44 47 54 58 60 62 64 75 77 78 84 92 93 96 
95 3 7 8 9 10 11 12 16 19 20 25 31 34 41 42 43 50 52 57 63 71 73 75 77 78 80 83 85 88 90 92 94 95 98 
67 5 6 7 10 14 18 20 21 22 26 27 28 31 33 34 35 37 45 46 48 50 51 55 57 58 68 70 71 76 77 85 87 90 96 97 
53 2 5 14 16 20 21 24 31 34 40 41 44 45 46 49 51 52 61 62 64 68 70 77 78 81 83 84 91 92 95 96 
78 6 18 25 29 33 39 41 42 44 47 49 50 53 55 60 64 72 74 75 76 77 79 81 83 87 88 98 99 100 
86 1 3 13 17 18 20 23 25 30 31 33 35 36 38 43 44 45 48 54 55 66 69 75 76 77 79 82 83 84 89 96 100 
93 4 6 10 13 16 18 19 20 23 27 30 31 40 41 46 49 52 55 57 61 65 66 68 75 77 78 85 86 87 89 96 97 
48 2 4 6 19 23 24 25 30 31 36 40 41 43 47 53 56 57 60 63 67 68 70 71 74 75 76 77 78 82 85 86 98 99 100 
36 1 2 6 8 11 13 14 18 19 23 26 31 34 35 36 39 41 55 56 59 61 64 65 66 67 68 70 71 72 75 76 77 85 87 95 98 99 100 
55 3 4 6 8 19 22 26 28 34 35 41 42 43 44 45 46 47 53 54 58 63 77 78 81 87 89 94 96 98 
30 2 3 5 7 8 14 16 20 22 25 28 29 35 39 55 67 69 72 74 75 77 81 86 88 89 91 92 95 97 98 99 
34 3 5 8 11 12 20 23 26 27 28 29 32 35 40 43 46 47 50 51 56 57 62 64 65 70 73 77 78 80 84 85 88 92 96 
15 6 10 11 15 17 19 20 23 31 45 46 47 55 57 61 66 71 76 77 78 79 80 87 90 93 94 95 96 
87 2 5 7 9 19 21 22 23 26 27 29 42 45 46 56 60 62 63 69 76 77 82 84 85 90 93 94 96 
56 2 3 10 11 18 22 24 25 27 28 35 40 42 47 51 53 54 60 71 73 74 77 79 80 81 90 91 93 94 
0