60
24 2 3 7 12 14 17 18 24 27 28 29 31 32 35 38 39 46 51 54 58 
98 1 5 18 19 21 22 25 26 30 32 34 36 37 41 54 
15 1 4 8 12 14 15 19 23 29 30 43 44 48 50 54 55 60 
38 3 5 8 13 15 16 17 19 27 29 30 32 33 37 39 40 44 46 47 50 54 60 
90 2 4 6 9 13 14 16 17 20 21 25 28 32 34 35 40 48 52 54 55 60 
10 5 8 15 18 28 36 41 45 52 54 57 58 
58 1 8 11 12 13 19 22 23 26 27 32 36 39 40 44 45 54 57 59 
24 3 4 6 7 12 13 16 20 23 26 27 31 33 37 39 42 43 44 51 54 55 56 60 
68 5 12 17 18 19 21 24 25 30 34 44 48 52 54 56 57 
21 15 16 18 21 25 42 46 51 53 54 57 
44 7 14 16 18 19 26 27 28 30 33 36 39 41 42 47 52 54 55 59 
15 1 3 7 8 9 20 21 23 28 31 42 49 50 51 52 53 54 59 
46 4 5 7 8 24 29 30 31 34 37 45 47 49 50 52 54 57 
44 1 3 5 11 19 20 21 23 27 29 30 32 34 36 42 45 48 50 52 54 55 56 59 
43 3 4 6 10 17 18 22 24 25 26 30 37 41 45 49 51 54 56 57 60 
86 4 5 8 10 11 17 20 22 36 51 53 54 55 56 57 
50 1 4 5 9 15 16 20 30 31 32 34 39 40 41 42 44 47 52 53 54 57 59 
42 1 2 6 9 10 11 15 20 29 30 34 37 40 42 43 49 50 52 54 
87 2 3 4 7 9 11 14 20 21 22 24 27 29 31 34 44 48 51 53 54 60 
78 5 8 12 14 16 17 18 19 22 24 25 27 28 30 35 36 40 41 46 52 54 60 
98 2 5 9 10 12 14 19 24 30 31 35 37 43 45 49 54 55 59 
34 2 7 15 16 19 20 27 28 29 30 33 38 41 42 48 52 54 56 57 58 59 60 
86 3 7 8 12 14 24 27 28 31 35 39 40 44 48 49 53 54 57 
96 1 9 13 15 19 20 21 23 27 29 34 38 43 48 51 52 54 59 60 
67 2 5 9 10 15 20 26 27 32 40 41 43 46 50 54 55 57 
92 2 7 8 11 15 25 27 28 29 31 37 45 47 48 52 54 60 
23 1 4 7 8 11 14 19 20 22 23 24 25 26 28 32 34 46 51 54 57 58 59 60 
71 1 5 6 11 12 20 22 23 26 27 34 37 39 40 42 45 50 51 53 54 60 
38 1 3 4 13 14 18 19 22 24 26 30 37 42 44 48 52 53 54 58 60 
90 2 3 4 9 11 13 14 15 17 18 20 21 22 29 32 33 38 39 47 54 55 56 58 
65 1 8 12 13 17 19 21 23 26 35 36 40 46 47 49 50 51 54 57 59 
66 1 2 4 5 7 14 17 25 27 30 45 49 52 53 54 59 
31 4 8 11 22 30 34 39 41 45 48 51 54 
55 2 5 9 13 14 17 18 19 24 27 28 33 39 45 51 52 53 54 56 59 
77 1 5 20 21 23 31 38 44 52 53 54 60 
35 2 6 7 11 14 16 20 31 37 43 45 46 48 51 52 54 56 
54 2 4 8 13 15 18 21 26 28 29 36 39 43 44 47 49 50 53 54 57 
32 1 22 24 30 35 40 44 50 54 56 
35 1 4 7 8 11 17 23 28 30 33 34 37 40 44 47 51 54 55 57 58 60 
65 4 5 7 17 18 20 23 25 28 31 38 39 44 47 48 49 51 53 54 60 
60 2 6 11 15 17 20 22 25 33 45 48 52 53 54 
77 8 10 11 12 14 17 18 22 28 29 51 54 
49 3 8 18 21 24 25 36 37 44 45 48 51 52 54 55 58 
47 3 4 7 8 9 17 19 23 29 35 37 38 39 40 43 47 48 52 54 59 
55 6 7 13 14 15 21 26 28 32 33 34 36 41 43 52 54 55 56 59 
50 1 4 10 20 25 27 31 36 47 50 51 54 55 
17 4 11 13 17 26 30 31 37 39 40 44 46 54 55 56 57 58 60 
36 3 5 9 14 19 22 23 24 26 29 33 36 40 41 43 44 50 52 54 55 56 60 
45 12 13 15 18 21 23 31 32 37 40 52 54 55 57 59 
17 3 4 12 13 14 18 25 28 31 37 38 46 48 52 54 58 59 60 
25 1 8 10 12 15 16 19 24 27 28 31 33 34 36 39 40 42 43 46 54 
72 5 6 9 11 12 13 14 17 18 20 22 24 26 29 32 34 35 36 41 43 44 45 48 49 50 54 
98 10 12 16 17 19 23 28 29 32 34 35 37 40 41 54 56 57 58 
87 1 2 3 4 5 6 7 8 9 10 11 12 13 14 15 16 17 18 19 20 21 22 23 24 25 26 27 28 29 30 31 32 33 34 35 36 37 38 39 40 41 42 43 44 45 46 47 48 49 50 51 52 53 55 56 57 58 59 60 
13 3 5 8 11 14 16 21 25 30 39 43 45 46 47 48 49 54 
20 8 9 14 15 16 22 30 34 36 38 45 47 48 53 54 58 60 
65 6 7 9 10 13 15 16 17 22 23 25 27 31 37 39 47 49 53 54 58 
49 1 6 22 27 29 30 39 43 47 50 53 54 56 57 59 
39 7 11 12 14 17 21 22 24 27 31 32 34 44 45 49 50 54 58 
84 3 4 5 8 15 19 20 22 24 26 27 28 29 35 39 40 47 48 50 54 56 
0