20
34 8 9 12 14 18 
45 9 10 17 18 
33 4 6 7 9 18 20 
62 3 7 9 11 15 20 
78 9 20 
73 3 9 15 17 
15 3 4 9 12 15 16 
93 1 9 
74 1 2 3 4 5 6 7 8 10 11 12 13 14 15 16 17 18 19 20 
83 2 9 
73 4 9 
75 1 7 9 15 
91 9 
63 1 9 
22 4 6 7 9 12 18 
88 7 9 
95 2 6 9 18 
46 1 2 3 9 15 17 
39 9 
16 3 4 5 9 
25
87 3 4 5 18 24 25 
92 5 20 24 25 
50 1 5 6 7 14 23 
43 1 5 19 
23 1 2 3 4 6 7 8 9 10 11 12 13 14 15 16 17 18 19 20 21 22 23 24 25 
76 3 5 11 
24 3 5 12 24 
34 5 9 17 18 
57 5 8 13 16 21 
20 5 12 
35 5 6 13 16 19 23 
31 5 7 10 14 17 18 
36 5 9 11 15 17 18 20 25 
40 3 5 12 23 24 
89 5 13 18 22 
78 5 9 11 
84 5 8 12 13 21 24 
69 1 5 8 12 13 15 19 
39 4 5 11 18 
37 2 5 13 
27 5 9 17 
94 5 15 
68 3 5 11 14 25 
84 1 2 5 7 14 17 
46 1 2 5 13 23 
30
80 2 3 4 5 6 7 8 9 10 11 12 13 14 15 16 17 18 19 20 21 22 23 24 25 26 27 28 29 30 
57 1 5 7 20 
30 1 5 10 13 28 
90 1 10 14 25 27 30 
98 1 2 3 7 14 27 
71 1 9 13 16 26 
11 1 2 5 8 9 11 16 27 
77 1 7 19 21 28 
27 1 6 7 10 17 29 30 
69 1 3 4 9 24 
78 1 7 16 19 23 
50 1 17 18 23 26 
86 1 3 6 20 25 
48 1 4 5 15 19 30 
99 1 14 17 21 25 29 
51 1 6 7 11 23 24 
52 1 9 12 15 25 27 28 
34 1 12 20 21 30 
55 1 8 11 14 
76 1 2 13 18 21 22 23 29 
20 1 8 15 18 20 27 
56 1 20 25 26 29 
10 1 11 12 16 20 28 
59 1 10 16 29 30 
73 1 4 13 15 17 22 27 
72 1 6 12 22 27 
33 1 4 5 7 17 21 25 26 28 
91 1 3 8 17 23 27 29 
74 1 9 15 20 22 24 28 30 
41 1 4 9 14 18 24 29 
35
30 2 7 8 12 16 18 30 32 33 35 
69 1 9 14 18 23 29 32 33 34 
62 7 11 13 16 17 18 35 
70 14 16 18 19 22 24 25 34 35 
13 7 9 18 21 22 27 33 
33 18 24 
33 1 3 5 13 16 18 19 27 29 33 
79 1 18 21 34 
20 2 5 17 18 19 23 31 
31 18 19 23 29 
65 3 12 15 16 18 20 21 22 26 31 
32 1 11 15 16 18 22 30 33 34 
91 3 7 17 18 25 34 
38 2 4 18 22 29 33 34 
85 11 12 18 27 
88 1 3 4 7 11 12 18 22 32 
19 3 9 13 18 29 32 34 
57 1 2 3 4 5 6 7 8 9 10 11 12 13 14 15 16 17 19 20 21 22 23 24 25 26 27 28 29 30 31 32 33 34 35 
74 4 7 9 10 18 20 23 26 33 
71 11 18 19 21 22 25 26 35 
84 5 8 11 18 20 32 
50 4 5 11 12 14 16 18 20 25 
27 2 9 10 18 19 30 31 33 
35 4 6 18 27 28 30 
91 4 13 18 20 22 31 32 
39 11 18 19 20 
85 5 7 15 18 24 29 31 
26 18 24 
13 2 7 10 14 17 18 27 
34 1 12 18 23 24 34 
74 9 11 18 23 25 27 
50 1 2 16 17 18 21 25 
53 1 2 5 7 12 14 18 19 23 35 
13 2 4 8 12 13 14 17 18 30 
41 1 3 4 18 20 33 
40
59 5 7 10 14 15 16 19 23 29 39 
74 7 14 21 29 30 35 36 
90 6 10 15 17 24 27 29 38 39 
93 7 11 18 20 29 30 32 35 
23 1 8 16 18 19 20 22 29 32 38 
44 3 8 10 14 19 20 22 26 29 34 
58 1 2 4 9 11 15 24 25 28 29 34 36 37 
12 5 6 15 17 29 30 32 39 
55 7 18 21 22 29 37 
76 1 3 6 15 28 29 30 31 35 
97 4 7 18 27 29 36 
26 13 26 29 31 35 37 38 
54 12 17 18 27 29 31 35 40 
62 1 2 6 17 18 29 32 38 39 
20 1 3 7 8 10 21 29 32 38 39 
94 1 5 29 31 
41 3 8 13 14 19 29 31 
41 4 5 9 11 13 14 21 29 31 
76 1 5 6 17 21 29 34 40 
39 4 5 6 29 37 39 40 
33 2 9 15 18 19 22 23 25 29 31 32 
64 5 6 9 21 27 29 
92 1 21 26 28 29 30 
97 3 7 29 30 33 36 38 39 
64 7 21 29 31 33 34 
42 6 12 23 29 32 34 40 
53 3 11 13 22 29 31 36 39 
75 7 10 23 29 30 33 34 39 
46 1 2 3 4 5 6 7 8 9 10 11 12 13 14 15 16 17 18 19 20 21 22 23 24 25 26 27 28 30 31 32 33 34 35 36 37 38 39 40 
51 2 4 8 10 23 24 28 29 37 38 
21 10 12 13 16 17 18 21 25 27 29 
57 4 5 8 14 15 21 26 29 40 
27 24 25 28 29 37 
97 6 7 19 25 26 28 29 
91 2 4 10 12 13 29 38 
55 2 7 11 24 27 29 
67 7 9 12 20 29 30 33 
68 3 5 12 14 15 24 29 30 35 40 
57 1 3 8 14 15 20 24 27 28 29 40 
66 13 19 20 26 29 32 38 39 
45
33 3 5 7 8 9 12 14 15 19 31 36 45 
80 12 14 26 30 37 44 
58 1 5 6 8 9 11 12 26 28 31 34 41 45 
21 12 15 19 21 24 25 27 29 30 37 42 
96 1 3 12 19 29 34 43 44 
18 3 8 12 13 18 21 28 30 33 45 
82 1 11 12 19 20 25 28 31 
58 1 3 6 9 12 13 16 17 21 31 43 
96 1 3 8 12 17 19 20 22 26 27 37 38 44 
37 12 41 43 45 
94 3 7 12 13 22 26 34 36 42 44 45 
29 1 2 3 4 5 6 7 8 9 10 11 13 14 15 16 17 18 19 20 21 22 23 24 25 26 27 28 29 30 31 32 33 34 35 36 37 38 39 40 41 42 43 44 45 
93 6 8 11 12 17 23 27 28 31 39 
40 1 2 12 20 33 37 39 42 
77 1 4 12 17 32 36 37 42 45 
15 8 12 26 28 30 31 34 42 
12 8 9 12 13 15 18 20 28 33 
69 6 12 17 26 30 40 44 
29 1 4 5 7 9 12 34 36 38 
18 7 9 12 14 17 26 36 38 40 
17 4 6 8 12 25 27 33 37 43 44 
34 9 11 12 25 27 
59 12 13 24 25 27 29 35 37 42 
61 4 12 23 25 27 31 36 40 44 
22 4 7 12 21 22 23 24 32 38 39 42 44 
66 2 3 9 11 12 16 18 20 28 36 41 42 
82 4 9 12 13 21 22 23 24 41 
55 3 6 7 12 13 16 17 26 
83 4 5 12 23 35 39 40 43 
16 2 4 6 12 16 18 37 38 40 
69 1 3 7 8 12 13 16 24 37 40 41 
14 12 15 25 33 36 37 
17 6 12 14 17 21 32 42 43 44 45 
37 3 5 11 12 16 19 35 38 
99 12 23 29 34 41 
52 1 11 12 15 19 20 24 26 32 38 44 
54 2 4 9 12 14 15 21 23 30 31 32 
54 9 12 19 20 25 30 34 36 42 45 
94 12 13 14 25 29 40 42 
11 12 18 20 24 29 30 31 39 44 
76 3 10 12 26 27 31 35 42 
98 4 11 12 14 15 16 23 25 26 33 38 39 41 43 
30 5 8 10 12 21 29 33 42 45 
78 2 5 9 11 12 18 21 24 25 33 36 40 
76 1 3 6 10 11 12 15 33 38 43 
50
33 6 7 10 13 15 16 20 24 25 26 29 30 32 35 36 37 39 41 48 49 50 
26 8 16 25 26 27 30 42 
91 20 30 40 44 50 
28 10 15 23 25 29 30 31 33 35 37 41 42 43 49 
15 6 7 8 9 16 17 22 23 26 30 35 36 48 
64 1 5 9 11 30 33 50 
85 1 5 8 10 13 14 17 26 29 30 35 38 39 43 
45 2 5 7 18 20 22 28 30 32 33 38 44 45 49 
83 5 6 16 18 20 22 24 30 33 41 42 48 
23 1 4 7 15 24 26 30 39 40 
40 6 13 14 22 30 31 36 42 45 46 
29 21 26 30 33 40 43 
29 1 7 11 14 18 25 26 30 38 41 48 50 
63 7 11 13 17 21 28 29 30 34 39 41 43 45 47 
75 1 4 10 18 19 30 31 42 
31 1 2 5 9 26 27 28 30 46 50 
22 5 7 14 18 21 30 33 
58 8 9 13 15 17 19 23 24 25 29 30 35 38 40 
81 15 18 20 25 26 30 37 38 40 
41 1 3 8 9 19 30 
43 12 14 17 27 30 39 42 45 47 
22 5 8 9 11 27 28 30 31 42 
73 4 5 18 24 30 43 49 50 
36 1 9 10 18 23 30 34 36 43 45 
43 1 2 4 13 18 19 26 27 28 30 40 45 48 
83 1 2 5 7 10 12 13 16 19 25 30 40 41 45 50 
47 2 16 21 22 25 30 33 36 40 47 49 
59 8 14 16 22 25 30 33 39 47 48 
18 1 4 7 14 18 30 34 37 46 
95 1 2 3 4 5 6 7 8 9 10 11 12 13 14 15 16 17 18 19 20 21 22 23 24 25 26 27 28 29 31 32 33 34 35 36 37 38 39 40 41 42 43 44 45 46 47 48 49 50 
59 4 11 15 22 30 32 34 39 42 49 
46 1 8 30 31 33 38 43 47 
10 4 6 8 9 12 17 27 28 30 32 
88 14 24 29 30 31 41 45 46 
54 1 4 5 7 18 30 42 44 47 
40 1 5 11 24 27 30 38 46 49 
75 1 4 19 29 30 38 39 50 
20 7 8 13 18 19 30 32 36 37 44 
33 1 7 10 14 21 28 30 31 37 
78 3 10 12 18 19 25 26 27 30 44 47 48 
33 1 4 9 13 14 26 30 34 47 
89 2 4 9 11 15 21 22 30 31 35 43 50 
88 4 7 12 14 23 24 30 32 42 44 46 
35 3 8 30 35 38 40 43 46 47 
58 8 11 14 21 24 25 26 30 34 48 
73 11 16 29 30 34 36 43 44 47 
79 14 21 27 28 30 32 35 40 41 44 46 
50 1 5 9 13 25 28 30 40 45 
33 1 4 8 23 27 30 31 36 
97 1 3 6 13 16 23 26 30 37 42 
55
76 2 5 8 14 21 26 27 35 48 51 54 55 
94 1 6 17 26 28 35 
95 7 21 26 36 37 42 47 52 
27 9 11 19 26 27 31 35 40 43 46 
64 1 16 17 18 19 26 28 29 36 50 55 
31 2 11 12 19 26 33 34 35 36 46 48 51 53 
66 3 11 13 17 26 27 28 30 33 37 39 41 43 53 54 
40 1 10 11 13 14 21 23 26 28 41 42 44 46 50 
21 4 13 16 21 22 26 46 50 51 53 54 
60 8 13 14 16 20 26 30 39 40 41 
59 4 6 7 8 22 26 33 38 40 41 49 
18 6 17 18 26 29 30 32 34 42 43 53 
53 7 8 9 10 21 25 26 30 37 39 40 44 46 52 53 
55 1 8 10 21 26 30 31 36 38 42 43 44 49 
86 16 22 26 34 41 45 53 54 
39 5 9 10 15 17 20 23 26 41 49 53 55 
79 2 5 7 12 16 20 26 30 36 46 47 50 
36 5 12 24 25 26 41 44 46 53 
59 4 5 6 23 26 34 36 37 50 52 55 
59 10 16 17 23 25 26 27 40 44 48 53 
96 1 3 8 9 13 14 25 26 27 29 39 40 42 48 51 52 
21 9 11 15 23 26 31 32 36 38 
23 8 16 19 20 22 26 29 33 51 53 
47 18 26 32 43 51 
78 13 18 20 21 26 35 37 39 53 54 
57 1 2 3 4 5 6 7 8 9 10 11 12 13 14 15 16 17 18 19 20 21 22 23 24 25 27 28 29 30 31 32 33 34 35 36 37 38 39 40 41 42 43 44 45 46 47 48 49 50 51 52 53 54 55 
87 1 4 7 20 21 26 31 34 39 40 48 52 
36 2 5 7 8 26 39 40 46 50 53 
40 5 12 21 23 26 34 43 44 53 54 55 
41 7 10 12 13 14 17 26 36 37 43 46 50 52 
52 4 14 22 26 27 37 40 
86 12 22 24 26 36 44 48 49 52 
86 6 7 11 23 26 35 40 
21 6 12 15 19 26 27 29 41 46 
73 1 2 4 6 25 26 33 36 43 49 50 53 
70 3 5 6 14 17 19 22 26 30 32 35 41 48 52 54 
71 3 7 13 19 25 26 30 31 42 48 49 53 54 
84 11 14 22 26 39 40 44 50 53 
71 7 10 13 21 25 26 27 28 38 40 44 46 47 52 
39 4 10 11 13 20 21 26 27 28 31 33 38 39 44 50 53 54 
89 7 8 10 11 15 16 18 26 34 36 45 46 49 50 
75 3 8 12 14 21 26 37 50 51 53 
86 4 7 12 14 24 26 29 30 35 44 47 49 
70 8 13 14 18 20 26 29 32 38 39 40 43 51 52 55 
25 15 26 41 46 51 
77 4 6 8 9 13 17 18 26 28 30 34 39 41 45 47 
83 3 17 26 39 43 46 49 50 
82 1 6 20 21 26 27 32 36 37 50 
32 11 14 16 26 32 35 37 41 43 47 
32 5 8 9 17 19 26 28 30 35 38 40 41 42 47 48 
30 1 6 9 21 23 24 26 42 44 45 52 
93 3 13 19 21 26 27 30 32 36 39 44 51 53 
65 6 7 9 12 13 15 16 18 20 23 25 26 28 29 35 37 38 40 42 52 54 
24 1 7 9 15 25 26 29 36 37 40 53 55 
85 1 5 16 19 26 29 44 54 
60
12 4 7 10 16 17 19 22 30 40 45 46 51 52 53 
20 6 8 18 23 27 41 44 46 47 52 53 54 55 
76 4 11 14 16 20 21 24 29 40 41 44 53 59 
41 1 3 6 15 20 24 25 27 33 34 43 53 56 59 60 
39 7 13 19 27 39 45 48 51 53 60 
83 2 4 27 30 36 53 58 
87 1 5 8 12 13 21 22 23 29 30 32 42 46 48 53 
26 2 7 11 13 18 25 26 29 30 33 38 39 44 53 57 58 60 
44 11 15 23 26 39 42 43 53 56 60 
24 1 16 19 23 27 30 32 39 43 45 48 51 53 55 56 59 
12 3 8 9 14 17 18 28 30 31 53 58 
78 7 13 14 22 29 40 45 49 53 
39 5 7 8 12 20 26 41 46 47 53 57 59 
34 3 11 12 23 24 25 30 36 40 46 50 52 53 56 
55 4 9 20 22 24 28 32 35 40 41 42 46 48 53 
26 1 3 10 25 27 30 37 39 49 53 54 58 
67 1 11 19 22 29 30 31 32 35 37 41 42 45 47 53 59 
14 2 8 11 22 23 24 29 33 41 49 51 52 53 55 58 
25 1 5 10 17 23 30 32 33 45 53 57 
21 3 4 13 15 25 29 35 43 45 46 53 56 59 
32 3 7 22 25 46 47 53 60 
24 1 7 12 15 17 18 21 37 40 41 46 48 49 50 53 57 
66 2 7 9 10 14 18 19 33 35 46 48 53 59 60 
95 3 4 14 15 18 27 29 33 48 51 53 55 56 
20 4 8 14 16 20 21 31 34 36 37 41 44 53 56 60 
68 8 9 13 32 40 47 49 53 57 58 
24 2 4 5 6 10 16 24 31 33 37 48 53 55 58 
70 11 15 30 31 35 36 40 42 53 
97 3 7 8 12 17 18 20 24 30 31 33 52 53 
86 1 6 7 8 10 11 14 16 17 19 28 29 32 41 43 46 49 50 53 58 
86 11 17 25 27 28 29 39 44 52 53 55 
47 7 10 15 17 19 26 30 36 43 47 51 53 55 
27 4 8 18 19 23 24 27 29 36 39 50 53 56 60 
18 4 25 38 39 53 
14 15 17 20 23 28 36 38 41 53 55 60 
23 6 14 25 28 32 33 35 40 47 53 54 56 
79 16 17 22 25 27 42 51 53 54 
58 8 34 35 39 46 48 50 53 
16 5 8 9 10 16 31 33 34 38 40 49 51 53 54 
26 1 3 12 14 15 22 26 28 36 39 41 42 53 54 
15 2 3 13 15 17 18 22 25 30 35 40 53 54 57 
12 7 9 15 17 28 37 40 50 53 54 59 
50 4 9 10 20 30 32 44 48 53 56 57 58 59 
87 2 3 8 25 31 43 53 55 59 
71 1 5 10 12 17 19 20 48 49 53 54 58 
25 1 2 7 13 14 15 20 21 22 23 30 38 48 52 53 54 59 
87 2 13 17 21 26 32 36 51 52 53 57 58 
57 5 7 10 15 22 23 24 27 38 43 45 46 50 52 53 60 
12 12 16 18 22 26 30 39 45 51 52 53 55 59 
13 14 22 30 33 38 42 48 53 58 
80 1 5 10 18 24 32 37 39 47 49 53 54 
89 1 2 14 18 29 31 46 47 48 49 53 56 58 
45 1 2 3 4 5 6 7 8 9 10 11 12 13 14 15 16 17 18 19 20 21 22 23 24 25 26 27 28 29 30 31 32 33 34 35 36 37 38 39 40 41 42 43 44 45 46 47 48 49 50 51 52 54 55 56 57 58 59 60 
78 2 16 36 37 39 40 41 42 45 46 51 53 57 
31 2 10 18 24 27 31 32 35 44 49 53 59 
85 4 9 10 14 20 24 25 33 36 43 52 53 57 
10 8 13 19 22 26 41 43 47 53 54 56 
90 6 8 11 16 18 26 27 30 43 45 47 50 52 53 60 
27 3 4 10 13 17 20 23 42 43 44 46 49 53 55 
70 4 5 8 9 21 23 25 33 35 48 53 58 
65
55 2 8 20 23 26 36 43 46 48 50 53 56 61 62 
74 1 4 7 9 37 48 49 62 
57 10 16 33 34 39 41 48 56 58 65 
27 2 11 15 18 19 25 29 34 36 48 53 56 60 
39 7 12 14 15 26 35 37 38 44 48 51 54 60 64 
11 9 10 11 13 15 28 29 39 40 41 48 51 52 57 
72 2 5 9 20 30 35 37 48 56 59 64 
99 1 9 13 33 35 37 48 56 58 59 64 65 
31 2 6 7 8 16 17 20 25 28 30 37 44 45 48 49 50 53 56 
61 3 6 12 18 28 40 48 52 64 
24 4 6 15 17 22 25 26 28 30 35 38 48 50 51 53 56 65 
74 5 10 21 23 24 27 30 34 40 48 50 
36 6 8 16 19 24 43 44 48 53 61 64 
11 5 23 27 30 32 34 35 37 43 48 51 52 58 60 62 
31 4 5 6 11 20 21 28 31 33 40 45 48 55 60 
46 3 9 13 26 29 30 33 36 43 47 48 56 57 59 60 62 
84 9 11 23 27 37 44 48 56 59 65 
46 4 10 20 25 30 39 40 42 44 48 52 53 55 
22 4 13 22 24 33 34 37 39 48 49 52 55 56 61 
29 1 7 9 15 18 21 27 28 36 48 52 53 57 58 64 65 
13 12 15 20 23 27 39 40 41 42 48 53 
99 11 19 25 28 32 37 38 43 47 48 54 55 59 
95 1 12 14 17 21 30 36 44 48 50 53 55 60 63 
26 12 13 19 27 29 30 36 39 48 52 58 59 
36 4 9 11 18 22 29 30 35 40 41 46 48 52 55 57 62 
72 1 5 11 16 31 32 36 41 48 49 50 52 57 58 60 61 64 
83 12 14 17 20 21 24 30 33 41 42 48 50 51 52 55 57 63 
33 6 9 10 11 15 20 22 32 34 38 42 44 48 54 61 
50 4 6 16 24 25 37 47 48 49 50 51 53 63 
92 7 9 11 12 14 16 18 23 24 25 27 35 39 40 47 48 49 58 61 
80 15 26 33 37 39 48 51 64 
36 14 22 26 28 44 48 54 59 
68 3 8 15 16 19 27 31 35 41 44 48 57 58 64 
31 3 4 12 14 19 28 36 38 41 42 48 51 56 
82 5 7 8 11 14 25 30 33 37 40 46 48 50 56 
88 1 4 16 20 23 24 26 34 40 43 45 48 50 51 57 
40 2 5 7 8 9 14 17 19 22 29 31 35 40 48 52 54 58 61 
83 5 11 22 28 34 45 46 48 55 56 65 
98 3 6 18 19 21 24 30 31 48 51 54 60 
26 6 10 12 15 18 21 25 30 35 36 37 48 50 54 58 
59 3 6 21 25 26 27 33 34 42 44 47 48 49 51 52 56 58 
88 18 21 27 28 34 41 45 48 51 53 60 62 
89 1 13 14 16 22 36 48 56 57 62 65 
50 5 9 13 17 18 23 28 32 33 41 48 58 59 62 
54 9 15 36 38 42 48 56 60 64 
16 1 25 35 38 48 49 57 59 61 
92 16 22 29 30 41 48 60 61 64 
23 1 2 3 4 5 6 7 8 9 10 11 12 13 14 15 16 17 18 19 20 21 22 23 24 25 26 27 28 29 30 31 32 33 34 35 36 37 38 39 40 41 42 43 44 45 46 47 49 50 51 52 53 54 55 56 57 58 59 60 61 62 63 64 65 
55 2 9 19 26 29 30 41 46 48 54 55 59 63 65 
43 1 9 11 12 23 26 27 29 35 36 40 48 52 58 61 
89 5 6 11 14 27 29 31 34 36 39 41 42 48 52 
37 6 10 14 18 19 20 24 25 26 27 37 41 48 50 51 53 55 
76 1 4 9 11 13 18 20 21 23 29 42 48 52 54 55 59 60 65 
22 5 22 28 32 37 39 40 48 49 53 57 59 60 
75 15 18 19 22 23 25 27 38 48 49 52 53 
90 1 3 4 7 8 9 11 16 17 19 34 35 38 41 43 45 48 57 58 64 65 
69 6 16 20 25 26 27 33 36 43 46 48 54 56 65 
45 3 8 14 20 24 26 30 33 37 40 41 44 48 50 56 59 
27 7 8 16 17 22 24 32 44 46 48 49 53 54 58 
80 4 5 14 15 16 23 26 39 42 45 47 48 53 54 61 62 65 
36 1 13 19 26 28 30 37 46 47 48 50 60 
39 1 2 14 16 25 42 43 44 48 60 
48 23 27 29 48 49 
34 5 7 8 10 13 20 26 31 33 45 47 48 56 
54 3 8 11 17 20 38 43 48 49 53 56 57 60 
70
77 8 14 18 19 23 24 26 30 34 35 45 48 50 52 53 55 58 61 62 64 65 
27 8 15 21 32 41 46 47 48 49 56 58 59 64 67 68 
50 7 8 14 16 21 30 34 39 45 50 51 52 53 62 
62 8 10 11 14 16 17 26 27 35 38 39 56 57 60 
58 8 14 34 36 37 45 47 56 64 
92 8 22 23 31 33 36 39 40 52 57 
58 3 8 16 18 19 30 36 39 41 43 55 66 69 
34 1 2 3 4 5 6 7 9 10 11 12 13 14 15 16 17 18 19 20 21 22 23 24 25 26 27 28 29 30 31 32 33 34 35 36 37 38 39 40 41 42 43 44 45 46 47 48 49 50 51 52 53 54 55 56 57 58 59 60 61 62 63 64 65 66 67 68 69 70 
96 8 20 23 35 43 50 55 59 61 65 67 
23 4 8 13 29 31 35 43 44 52 55 58 60 62 64 
13 4 8 12 22 24 28 29 31 32 35 38 44 45 58 68 
38 8 11 24 27 28 29 36 39 40 41 45 47 48 49 56 61 63 64 65 69 
51 8 10 17 26 29 34 42 43 46 48 49 51 52 65 67 68 
83 1 3 4 5 8 17 26 36 39 41 45 52 54 56 61 68 69 
91 2 8 17 19 22 26 28 35 40 47 49 50 52 54 56 67 68 
80 3 4 7 8 24 30 36 54 60 65 
73 4 8 13 14 15 23 26 38 49 52 67 
88 1 7 8 23 28 32 37 39 41 42 46 50 52 58 60 67 
11 1 7 8 15 22 25 28 34 39 43 68 
20 8 9 23 26 31 33 39 40 41 47 51 54 57 61 62 65 
37 2 3 8 26 28 33 34 56 63 64 70 
47 6 8 11 15 19 32 35 48 52 60 64 67 
14 1 6 8 9 17 18 20 28 43 51 52 59 64 66 69 70 
46 1 8 11 12 16 25 35 40 42 54 59 60 61 70 
12 8 19 24 30 31 33 35 43 44 52 53 55 59 62 66 67 
77 1 4 8 13 14 15 17 20 21 30 43 52 54 58 
33 4 8 12 29 38 40 45 46 48 53 54 
85 8 11 12 15 18 19 21 23 30 45 54 55 68 69 
41 8 10 11 12 13 27 30 31 32 36 46 49 50 53 57 59 62 63 
10 1 3 7 8 16 25 26 28 29 35 39 51 54 57 58 61 65 68 70 
83 6 8 10 11 20 25 29 47 51 53 55 56 57 64 65 66 68 
24 2 8 11 18 22 29 34 39 41 44 47 51 57 67 68 
15 6 8 20 21 25 34 37 47 54 
71 1 3 5 8 13 19 21 32 33 38 40 42 48 50 54 56 57 63 
57 1 4 8 9 10 11 15 22 24 25 30 39 42 50 51 59 68 69 
75 5 6 7 8 12 14 16 29 42 45 51 58 59 62 
94 5 8 18 33 38 39 41 43 44 45 50 52 60 63 66 
61 4 8 11 17 27 34 37 39 51 52 53 54 69 
67 3 4 6 7 8 12 14 18 19 20 30 32 35 37 38 43 46 53 56 57 58 59 60 62 66 
92 6 8 12 15 20 24 27 34 41 42 45 47 50 55 64 66 
14 2 7 8 12 14 18 20 32 37 40 45 48 55 60 
47 8 13 18 24 34 35 36 40 43 47 60 67 
76 7 8 9 10 13 19 23 25 26 37 39 42 44 55 59 60 
26 8 10 11 25 32 37 43 46 47 50 51 56 58 61 66 70 
34 1 3 5 8 11 12 14 27 28 36 37 40 41 53 63 65 66 67 
25 2 8 13 18 27 29 39 44 58 63 69 
50 2 5 8 12 15 20 31 32 33 40 42 44 53 55 58 59 60 
61 1 2 8 12 13 22 27 34 41 53 63 64 
60 2 8 12 13 15 17 29 51 58 65 
33 1 3 8 9 15 18 29 34 35 37 40 44 51 68 
69 3 8 13 20 23 30 31 32 35 36 38 44 49 50 60 
81 1 3 6 8 10 13 14 15 17 18 22 23 25 26 37 38 58 60 66 
98 1 3 8 25 27 29 31 38 39 45 47 48 57 62 63 64 65 69 
92 8 14 15 16 20 24 26 27 28 30 33 34 38 55 63 64 
79 1 7 8 9 10 25 28 31 40 41 43 47 54 58 66 67 68 
98 2 4 5 8 12 14 15 21 31 34 39 44 
37 4 6 8 20 29 30 31 32 34 39 53 68 
52 1 2 8 10 11 18 26 30 36 39 44 46 47 49 52 55 59 70 
70 2 8 9 23 24 25 29 35 36 39 43 47 58 62 65 66 68 
28 4 8 10 16 18 22 24 37 39 41 42 43 47 51 52 64 
92 1 8 9 12 14 20 24 30 44 
91 1 3 8 10 20 25 29 36 39 53 59 65 
92 8 12 21 29 34 37 45 46 48 53 54 65 69 
84 1 2 5 8 10 12 21 22 23 31 40 48 53 54 60 68 
88 1 8 9 12 13 16 20 30 31 45 49 53 59 62 63 
27 7 8 23 25 31 37 39 40 44 45 52 55 59 69 
74 2 8 9 13 15 17 18 22 25 32 42 45 55 69 
52 2 8 11 13 14 15 19 28 30 31 32 35 50 55 57 59 64 
91 7 8 12 14 23 28 35 38 46 53 63 66 67 
18 8 21 23 24 30 44 58 
0
