50
28 4 7 8 9 11 13 14 21 22 23 24 28 38 39 41 44 45 
10 3 13 18 19 25 26 27 28 30 32 35 37 38 44 46 47 48 
43 2 9 12 14 15 18 19 20 23 24 26 27 28 31 34 37 38 42 43 46 47 48 
32 1 6 17 18 19 21 28 29 30 31 32 35 41 43 45 47 48 49 50 
47 7 8 13 21 22 23 24 25 28 36 39 
13 4 7 10 11 12 18 19 21 26 28 32 35 37 42 43 49 50 
88 1 5 6 9 10 11 17 20 21 23 24 26 28 29 30 31 32 36 38 40 41 42 46 48 49 
41 1 5 9 10 12 13 19 28 35 39 
70 1 3 7 8 10 15 16 18 20 22 23 28 34 36 40 41 47 
49 6 7 8 9 12 13 27 28 33 42 46 50 
46 1 6 7 17 28 30 31 32 35 42 45 49 50 
25 3 6 8 10 13 19 25 28 29 30 32 34 35 37 38 43 48 
27 1 2 5 8 10 12 15 17 24 25 26 28 29 38 50 
91 1 3 16 20 26 28 29 31 39 43 44 45 47 48 49 
54 3 9 13 20 22 24 28 31 44 45 48 49 50 
92 9 14 17 22 28 29 31 32 33 34 35 36 40 47 48 50 
39 4 7 11 13 16 19 21 25 28 30 32 33 34 38 43 44 
86 2 3 4 6 9 24 28 29 31 33 34 35 36 37 41 42 43 44 45 47 49 50 
95 2 3 4 6 8 12 17 22 23 25 28 29 30 35 39 41 46 48 50 
87 3 7 9 14 15 21 23 27 28 31 33 37 42 44 47 50 
97 1 4 5 6 7 17 20 24 26 27 28 30 32 33 34 38 
57 1 5 9 15 16 19 28 29 31 36 37 41 44 47 
12 1 3 5 7 9 19 20 25 28 30 36 38 42 45 
29 1 3 5 7 13 15 18 21 28 34 35 36 37 40 48 49 
19 2 5 12 13 17 19 23 26 28 30 31 37 43 45 49 
12 2 3 6 7 13 14 21 25 28 29 30 35 46 48 49 
98 2 3 10 20 21 28 33 34 44 45 46 49 
26 1 2 3 4 5 6 7 8 9 10 11 12 13 14 15 16 17 18 19 20 21 22 23 24 25 26 27 29 30 31 32 33 34 35 36 37 38 39 40 41 42 43 44 45 46 47 48 49 50 
78 4 7 12 13 14 16 18 19 22 26 28 30 31 33 40 42 43 48 49 
92 2 4 7 11 12 17 19 21 23 25 26 28 29 32 34 38 39 40 44 
32 3 4 7 11 14 15 16 18 20 22 25 28 29 32 33 36 40 43 44 47 
75 2 4 6 7 11 12 16 17 21 28 30 31 49 
78 10 16 17 18 20 21 27 28 29 31 34 37 42 44 
99 3 9 12 16 17 18 21 24 27 28 30 33 36 39 41 42 45 47 48 
13 2 4 6 8 11 12 16 18 19 24 26 28 36 38 41 42 48 
72 5 7 9 16 18 22 23 24 28 31 34 35 38 40 41 42 45 46 47 
96 2 3 6 12 18 20 22 24 25 28 33 40 42 44 45 50 
50 1 2 3 7 12 13 17 21 23 28 30 35 36 43 46 48 49 
35 1 5 8 14 19 28 30 34 40 43 45 49 
97 7 9 16 24 28 29 30 31 36 37 39 44 49 
36 1 4 7 9 18 19 22 28 34 35 36 49 50 
10 3 6 7 10 11 18 20 23 28 29 33 34 35 36 37 47 48 
88 3 4 6 12 14 17 18 25 28 29 31 38 39 45 
74 1 2 14 15 17 18 20 22 27 28 30 31 33 37 40 45 46 
67 1 4 11 14 15 18 23 25 27 28 34 36 37 39 43 44 47 
73 2 3 7 10 19 26 27 28 36 38 44 49 
52 2 3 4 9 14 16 18 20 22 28 31 34 36 42 45 
98 2 3 4 7 12 14 15 16 19 24 26 28 29 34 35 38 42 
64 4 6 7 11 14 15 18 24 25 26 27 28 29 32 38 39 40 41 46 
38 4 6 10 11 13 15 16 18 19 20 28 37 41 
0