20
161 2 3 4 5 6 7 8 9 10 11 12 13 14 15 16 17 18 19 20 
173 1 4 
233 1 4 6 9 10 11 17 18 
65 1 2 3 8 9 10 12 16 19 20 
278 1 6 10 15 
298 1 3 5 10 12 13 18 20 
64 1 8 12 13 14 
161 1 4 7 9 11 12 14 16 
33 1 3 4 8 10 18 19 
289 1 3 4 5 6 9 19 
216 1 3 8 15 17 18 20 
213 1 4 6 7 8 16 
58 1 6 7 18 20 
145 1 7 8 17 18 19 20 
297 1 5 11 16 17 19 
23 1 4 8 12 15 
105 1 3 11 14 15 19 
270 1 3 6 9 11 13 14 19 
104 1 4 9 10 14 15 17 18 20 
252 1 4 6 11 13 14 19 
025
194 3 10 14 16 18 20 21 22 25 
21 3 4 9 10 12 13 14 19 21 22 
58 1 2 6 10 14 18 20 22 23 24 
183 2 5 7 11 12 19 22 24 25 
116 4 6 8 12 14 16 17 18 20 21 22 25 
202 3 5 10 11 15 22 25 
65 4 11 12 13 14 16 20 21 22 
83 5 9 10 14 15 16 22 
160 2 8 10 13 20 21 22 23 25 
116 1 2 3 6 8 9 11 14 17 22 25 
154 4 6 7 10 15 16 17 20 21 22 24 
87 2 4 5 7 14 18 20 21 22 23 25 
210 2 7 9 20 22 23 25 
91 1 2 3 5 7 8 10 12 15 22 25 
232 6 8 11 14 17 20 21 22 23 
36 1 5 7 8 11 22 24 25 
217 5 10 11 15 20 22 24 25 
153 1 3 5 12 20 21 22 
63 2 4 20 21 22 
19 1 3 5 7 9 11 12 13 15 17 18 19 22 24 
259 1 2 5 7 9 11 12 15 18 19 22 23 25 
211 1 2 3 4 5 6 7 8 9 10 11 12 13 14 15 16 17 18 19 20 21 23 24 25 
83 3 9 12 13 15 21 22 
167 3 4 11 16 17 20 22 
93 1 4 5 6 9 10 12 13 14 16 17 21 22 
030
146 3 4 6 9 10 11 12 13 24 26 29 30 
77 3 4 9 12 17 21 22 23 25 26 
254 1 2 4 7 18 19 20 21 25 26 30 
195 1 2 3 5 6 7 8 9 10 11 12 13 14 15 16 17 18 19 20 21 22 23 24 25 26 27 28 29 30 
240 4 6 7 13 15 17 20 23 24 26 30 
296 1 4 5 9 10 14 17 24 25 26 27 
223 3 4 5 9 14 16 20 22 23 24 30 
149 4 9 13 14 15 19 24 27 
97 1 2 4 6 7 8 13 16 20 22 23 26 28 30 
256 1 4 6 11 12 13 17 18 19 25 27 28 29 
70 1 4 10 15 16 18 20 30 
188 1 2 4 10 17 18 19 22 24 28 29 
120 1 4 5 8 9 10 15 18 27 30 
65 4 6 7 8 16 17 20 24 26 29 30 
35 4 5 8 11 13 20 25 30 
252 4 7 9 11 14 21 22 26 27 28 
50 2 4 5 6 10 12 14 18 20 21 28 29 
30 3 4 10 11 12 13 17 19 22 24 28 29 
159 3 4 8 10 12 18 22 23 26 30 
205 3 4 5 7 9 11 14 15 17 27 28 30 
261 2 3 4 16 17 22 26 27 28 29 30 
174 2 4 7 9 12 16 18 19 21 25 
53 2 4 5 7 9 19 25 26 28 
199 1 4 5 6 7 8 12 14 18 26 27 29 
240 2 3 4 6 10 15 22 23 27 29 30 
15 1 2 3 4 5 6 9 14 16 19 21 23 24 29 
89 4 6 8 10 13 16 20 21 24 25 
120 4 9 10 12 16 17 18 20 21 23 
118 1 4 10 12 14 17 18 21 24 25 26 
263 1 3 4 5 7 9 11 13 14 15 19 20 21 25 
035
177 2 6 11 13 16 18 20 24 25 31 34 
16 1 4 6 9 10 13 15 18 22 23 25 26 28 29 30 31 32 34 35 
194 7 11 18 19 21 24 25 26 27 28 30 31 33 35 
271 2 7 8 9 10 11 13 15 17 19 22 24 25 26 27 30 33 34 35 
89 7 12 17 19 20 23 24 25 33 
137 1 2 7 19 25 27 30 31 32 
75 3 4 5 6 8 12 18 20 25 27 33 35 
159 4 7 11 15 16 17 18 23 25 26 34 35 
116 2 4 10 16 22 25 30 31 32 
66 2 4 9 11 14 15 19 21 25 29 31 34 35 
126 1 3 4 8 10 15 17 18 21 22 24 25 30 
94 5 7 19 20 21 25 26 30 31 35 
87 1 2 4 14 19 25 26 28 29 30 
118 10 13 15 17 19 20 22 25 28 32 34 
171 2 4 8 10 11 14 18 19 23 25 27 32 
74 1 8 9 20 25 29 30 35 
144 4 5 8 11 14 19 25 26 27 29 31 
237 1 2 3 7 8 11 15 20 22 25 28 30 31 
129 3 4 5 6 10 12 13 14 15 17 20 21 24 25 26 29 32 
81 1 5 7 12 14 16 18 19 21 22 23 24 25 29 30 31 33 35 
195 3 10 11 12 19 20 25 27 29 31 33 34 
135 2 4 9 11 14 18 20 23 25 26 27 
10 2 5 8 15 20 22 24 25 27 28 30 
164 1 3 4 5 11 19 20 23 25 27 29 
201 1 2 3 4 5 6 7 8 9 10 11 12 13 14 15 16 17 18 19 20 21 22 23 24 26 27 28 29 30 31 32 33 34 35 
31 2 3 4 8 12 13 17 19 22 25 
54 3 4 6 7 15 17 21 22 23 24 25 30 33 34 35 
133 2 3 13 14 18 23 25 30 31 
159 2 10 13 16 17 19 20 21 24 25 35 
103 2 3 4 6 9 11 12 13 16 18 20 23 25 27 28 33 
105 1 2 3 6 9 10 12 17 18 20 21 25 28 33 
61 2 6 9 14 15 19 25 33 35 
61 3 4 5 7 20 21 25 27 30 31 32 
194 1 2 4 8 10 14 21 25 27 
76 2 3 4 7 8 10 12 16 20 25 27 29 32 
040
112 2 4 5 10 11 14 15 18 19 23 24 25 26 29 32 35 37 39 40 
246 1 4 6 7 11 17 18 20 22 23 24 29 33 34 37 38 
217 4 7 9 10 12 16 17 20 22 23 26 28 29 32 34 
102 1 2 3 6 8 10 16 17 23 25 29 31 32 33 34 36 38 
18 1 10 13 15 19 20 23 25 26 29 30 31 33 36 37 38 
172 2 4 7 12 13 14 17 18 23 25 26 32 33 35 39 
229 2 3 6 8 10 11 12 15 16 19 23 24 25 26 27 30 32 34 35 36 
70 4 7 9 13 20 21 23 24 25 27 40 
127 3 8 10 11 13 14 16 17 19 23 28 32 33 34 40 
138 1 3 4 5 7 9 12 16 19 20 22 23 25 29 32 
77 1 2 7 9 12 16 22 23 31 34 38 40 
220 3 6 7 10 11 13 14 15 17 19 22 23 26 34 35 36 37 40 
243 5 6 8 9 12 14 23 26 28 30 31 33 34 
243 1 6 9 12 13 15 16 21 22 23 27 35 39 40 
206 1 5 7 12 14 17 22 23 28 30 32 37 
297 3 4 7 9 10 11 14 17 18 20 23 25 28 32 37 38 39 40 
212 2 3 4 6 9 12 15 16 19 23 28 30 31 37 39 40 
246 1 2 6 16 22 23 24 25 28 35 36 
153 1 5 7 9 10 12 17 23 28 32 33 34 36 38 
153 2 3 5 8 10 16 21 23 25 28 30 31 34 39 40 
186 8 14 20 23 24 26 27 30 32 33 36 37 39 
138 2 3 10 11 12 14 15 18 23 25 27 29 30 32 33 37 38 39 
19 1 2 3 4 5 6 7 8 9 10 11 12 13 14 15 16 17 18 19 20 21 22 24 25 26 27 28 29 30 31 32 33 34 35 36 37 38 39 40 
292 1 2 7 8 18 21 23 25 26 32 33 34 37 
260 1 4 5 6 7 8 10 16 18 20 22 23 24 27 28 29 32 37 39 40 
250 1 3 5 6 7 12 13 21 23 24 31 32 34 40 
214 7 8 14 21 22 23 25 31 34 35 
262 3 9 13 15 16 17 18 19 20 23 25 29 32 33 39 
26 1 2 3 4 5 10 22 23 25 28 32 34 37 
125 5 7 13 15 17 20 21 22 23 33 35 37 39 
11 4 5 11 13 17 20 23 26 27 39 
181 1 3 4 6 7 9 10 15 16 19 21 22 23 24 25 26 28 29 33 
104 2 4 5 6 9 13 19 21 22 23 24 28 30 32 39 
91 2 3 4 7 9 11 12 13 19 20 23 24 26 27 29 35 38 40 
63 1 6 7 12 14 18 23 27 30 34 37 40 
77 4 5 7 12 18 19 21 23 37 
87 1 2 5 12 15 16 17 21 22 23 24 25 29 30 35 36 40 
192 2 4 5 11 16 19 22 23 34 39 
18 1 6 14 16 17 20 21 22 23 25 28 30 31 33 38 40 
21 1 8 9 11 12 14 16 17 20 23 25 26 34 35 37 39 
045
227 2 3 8 9 10 11 12 13 18 19 21 25 27 29 34 36 38 40 42 
22 1 4 5 6 7 12 13 14 17 18 20 21 25 31 33 34 36 38 39 43 
224 1 8 9 12 16 17 18 22 23 24 25 28 29 30 32 37 38 39 40 44 
42 2 10 11 12 15 16 17 18 20 23 24 25 28 30 32 33 37 39 44 
139 2 11 12 13 14 15 17 25 30 31 32 34 41 
40 2 9 11 12 13 14 17 22 25 28 31 32 35 36 39 43 44 
65 2 12 15 24 30 38 39 40 44 
216 1 3 12 14 17 22 30 32 43 
297 1 3 6 12 15 17 24 27 35 37 39 40 44 45 
257 1 4 12 13 14 15 20 21 31 33 41 43 45 
161 1 4 5 6 12 14 15 16 28 29 30 33 35 36 44 45 
217 1 2 3 4 5 6 7 8 9 10 11 13 14 15 16 17 18 19 20 21 22 23 24 25 26 27 28 29 30 31 32 33 34 35 36 37 38 39 40 41 42 43 44 45 
56 1 2 5 6 10 12 15 16 22 23 25 26 34 35 37 39 42 43 45 
224 2 5 6 8 10 11 12 19 20 21 22 25 28 29 33 34 40 
232 4 5 7 9 10 11 12 13 17 21 22 23 24 28 30 34 35 36 37 39 42 
222 3 4 11 12 13 23 25 32 33 35 38 39 40 41 44 
166 2 3 4 5 6 8 9 12 15 18 21 23 24 26 27 30 31 33 34 37 38 39 42 
139 1 2 3 4 12 17 20 21 25 32 35 39 40 
102 1 12 14 22 23 29 31 33 34 37 43 44 
147 2 4 10 12 14 18 21 23 26 27 34 36 37 38 39 40 41 43 
258 1 2 10 12 14 15 17 18 20 24 26 28 29 31 36 37 39 43 
113 3 6 8 12 13 14 15 19 33 34 37 38 43 
185 3 4 12 13 15 16 17 19 20 28 29 31 33 37 38 41 42 
90 3 4 7 9 12 15 17 21 26 34 36 37 38 39 42 43 45 
95 1 2 3 4 5 6 12 13 14 16 18 26 28 29 32 42 
20 12 13 17 20 21 24 25 33 35 36 37 38 43 45 
111 1 9 12 17 20 30 39 
211 3 4 6 11 12 14 15 21 23 25 29 36 42 43 45 
160 1 3 11 12 14 19 21 23 25 28 30 31 34 38 39 40 
34 3 4 5 7 8 11 12 15 17 27 29 35 36 37 38 40 41 
166 2 5 6 10 12 17 19 21 23 29 32 33 36 38 39 40 41 43 
283 3 4 5 6 8 12 16 18 25 31 34 37 39 42 
292 2 4 10 11 12 14 16 17 19 22 23 26 31 34 37 38 40 42 
83 1 2 5 12 13 14 15 17 19 20 22 24 29 32 33 38 39 41 
66 6 9 11 12 13 15 16 18 26 30 38 39 40 41 
46 1 2 6 11 12 15 20 21 24 26 28 30 31 37 39 40 42 43 44 45 
166 3 4 9 12 13 15 17 19 20 21 22 23 24 26 30 32 33 36 41 43 
75 1 2 3 7 12 16 17 20 22 23 24 26 29 30 31 33 34 35 39 44 45 
196 2 3 4 6 7 9 12 13 15 16 17 18 20 21 24 27 29 31 32 34 35 36 38 40 41 42 
128 1 3 7 9 12 14 16 18 20 29 30 31 33 35 36 39 42 43 44 45 
155 5 10 12 16 20 23 30 31 34 35 37 39 42 
103 1 12 13 15 17 23 24 25 28 32 33 36 39 40 41 
58 2 6 8 10 12 13 19 20 21 22 24 26 28 31 36 37 40 44 45 
72 3 4 6 7 9 11 12 16 19 36 38 40 43 45 
144 9 10 11 12 13 24 26 28 36 38 40 43 44 
050
150 5 8 9 12 14 23 27 28 31 34 35 39 41 45 47 49 50 
139 5 7 8 9 11 16 17 19 21 24 31 35 36 39 42 43 45 46 
79 8 9 12 16 17 26 27 29 30 31 33 35 36 42 45 46 50 
250 6 8 10 17 19 23 24 27 30 31 35 37 42 44 45 50 
122 1 2 9 10 11 14 15 19 23 24 26 27 29 33 34 35 39 40 41 43 50 
104 4 8 10 11 12 13 22 31 32 35 40 41 46 48 49 50 
115 2 9 12 13 19 21 22 25 26 28 35 36 40 41 42 43 45 46 
184 1 2 3 4 6 11 14 16 17 21 22 29 31 32 34 35 36 40 48 
275 1 2 3 5 7 17 20 22 24 25 26 30 33 34 35 39 42 46 47 50 
198 4 5 6 11 12 13 21 22 27 28 29 34 35 37 39 41 47 48 49 50 
244 2 5 6 8 10 13 14 15 21 22 23 24 25 26 27 29 31 32 34 35 37 39 40 41 42 50 
15 1 3 6 7 10 17 20 21 23 31 32 35 41 42 43 44 45 
57 6 7 10 11 15 19 20 27 31 35 41 42 44 45 47 50 
66 1 5 8 11 17 19 20 21 24 25 26 27 31 34 35 36 38 39 41 42 48 50 
148 5 11 13 17 21 25 28 29 34 35 37 39 41 44 46 47 
88 2 3 8 25 31 32 35 36 37 38 40 45 
39 2 3 4 8 9 12 14 15 18 20 22 23 24 26 27 28 29 30 34 35 36 40 41 42 45 46 50 
194 17 24 31 32 34 35 36 38 40 47 49 
197 2 4 5 7 13 14 23 24 32 33 35 37 38 41 45 49 50 
286 9 12 13 14 17 25 26 29 30 31 35 36 44 
154 2 7 8 10 11 12 14 15 22 23 24 25 31 32 33 35 44 49 50 
297 6 7 8 9 10 11 17 21 23 24 26 30 31 34 35 36 38 40 42 43 45 47 
22 1 4 5 11 12 17 19 21 22 25 29 31 32 33 35 36 41 44 46 49 
161 2 4 5 9 11 14 17 18 19 21 22 25 26 29 30 33 34 35 37 38 40 49 50 
90 7 9 11 14 15 16 20 21 23 24 34 35 37 39 41 42 45 49 
19 3 5 7 9 11 14 17 20 22 24 31 33 35 42 44 46 48 
177 1 3 4 5 10 11 13 14 17 29 30 31 35 37 38 40 41 44 45 46 49 50 
56 1 7 10 15 17 30 31 32 33 34 35 36 45 48 49 
83 3 5 8 10 11 15 17 20 23 24 27 30 34 35 46 48 50 
114 3 4 9 17 20 22 24 27 28 29 31 35 42 48 50 
90 1 2 3 4 6 8 11 12 13 14 16 18 20 21 22 23 26 27 28 30 32 33 34 35 38 39 40 42 46 
165 6 8 11 12 16 18 19 21 23 28 31 35 37 39 40 41 43 46 
299 3 5 9 19 21 23 24 26 28 31 35 36 38 41 42 50 
242 1 5 8 9 10 11 14 15 17 18 22 24 25 28 29 31 35 36 37 40 42 43 45 48 50 
20 1 2 3 4 5 6 7 8 9 10 11 12 13 14 15 16 17 18 19 20 21 22 23 24 25 26 27 28 29 30 31 32 33 34 36 37 38 39 40 41 42 43 44 45 46 47 48 49 50 
240 2 3 7 8 14 16 17 18 20 22 23 28 33 34 35 40 43 44 
95 4 10 11 15 16 19 24 25 27 32 34 35 39 40 41 45 46 49 
261 14 16 18 19 22 24 27 31 33 35 39 41 43 44 49 50 
157 1 2 5 9 10 11 14 15 25 31 32 35 37 38 40 44 
257 5 6 7 8 11 16 17 18 22 24 27 31 32 34 35 36 37 39 41 43 44 46 48 49 
125 1 5 6 7 10 11 12 13 14 15 17 19 23 25 27 32 33 35 37 38 40 43 44 45 46 47 50 
172 2 3 4 7 9 11 12 13 14 17 22 25 26 30 31 33 34 35 
186 2 5 7 12 22 32 34 35 36 38 40 41 44 47 48 49 
151 4 12 13 15 20 21 23 26 27 35 36 38 39 40 41 43 49 
75 1 2 3 4 7 12 13 16 17 19 22 25 27 28 34 35 37 41 46 48 50 
166 2 3 6 7 9 15 17 23 26 27 29 31 32 35 37 40 41 45 47 49 
236 1 9 10 13 15 18 22 35 41 43 46 48 
16 6 8 10 14 26 28 29 30 34 35 40 43 45 47 50 
124 1 6 10 18 19 21 23 24 25 27 28 35 37 38 40 43 44 46 
167 1 3 4 5 6 9 10 11 13 14 17 19 21 24 27 29 30 33 34 35 38 41 45 48 
055
19 3 4 6 8 10 12 16 17 21 22 24 28 30 33 36 47 53 54 
238 4 6 8 9 21 23 26 28 30 31 32 33 34 37 38 39 40 42 45 47 48 52 53 
226 1 5 11 13 15 16 18 21 26 27 28 30 33 34 35 39 40 41 44 52 54 
184 1 2 6 9 11 15 17 19 20 28 29 30 31 32 38 45 46 50 51 54 55 
55 3 6 9 10 11 12 16 17 20 30 31 32 33 37 38 40 42 43 44 45 48 51 52 
286 1 2 4 5 9 11 14 20 22 25 27 30 32 35 38 39 44 46 47 52 55 
224 9 12 13 14 15 22 25 27 30 31 33 46 48 53 
192 1 2 10 11 14 20 30 32 34 36 40 45 48 49 50 51 54 55 
119 2 4 5 6 7 10 12 14 15 16 19 24 25 26 27 28 30 32 33 34 35 39 45 50 52 53 
33 1 5 8 9 11 24 26 27 30 32 36 37 40 47 50 51 54 
193 3 4 5 6 8 10 12 16 17 18 19 21 22 26 28 30 31 35 36 42 44 45 47 49 50 52 53 54 
291 1 5 7 9 11 14 15 18 20 22 23 24 25 26 30 36 39 45 47 48 51 52 55 
23 3 7 14 15 17 22 24 25 30 31 34 40 42 43 45 46 47 50 52 53 
286 6 7 8 9 12 13 19 24 25 28 29 30 33 37 38 43 44 45 50 
189 3 4 7 9 12 13 22 23 25 26 30 33 35 36 37 39 41 45 48 49 50 54 
204 1 3 5 9 11 17 21 23 28 29 30 32 35 38 39 40 43 44 49 54 55 
125 1 4 5 11 13 16 22 23 26 27 28 30 36 37 38 42 44 46 47 48 51 
177 3 11 12 19 22 23 24 26 27 28 30 33 36 39 40 43 48 53 55 
87 4 9 11 14 18 22 23 29 30 32 33 35 39 40 41 43 46 47 50 54 55 
147 4 5 6 8 12 21 24 27 29 30 34 40 41 47 48 49 52 54 
24 1 2 3 11 16 20 22 24 27 29 30 31 33 34 36 37 38 43 44 49 53 
189 1 6 7 11 12 13 15 17 18 19 21 23 25 28 30 36 40 43 46 47 54 
258 2 12 15 16 17 18 19 22 25 30 35 39 41 44 48 50 51 
83 1 9 10 12 13 14 18 20 21 29 30 32 35 36 40 43 44 46 48 50 52 
173 6 7 9 12 13 14 15 22 23 29 30 32 33 34 37 40 41 42 44 45 47 55 
271 2 3 9 10 11 12 15 17 18 27 29 30 34 37 38 39 48 50 51 
193 3 6 7 9 10 17 18 20 21 26 30 31 32 33 35 37 41 42 44 45 46 47 54 
118 1 2 3 4 9 11 14 16 17 18 22 29 30 31 35 39 41 48 49 52 53 
210 4 14 16 19 20 21 24 25 26 28 30 33 38 39 41 42 44 45 47 52 55 
254 1 2 3 4 5 6 7 8 9 10 11 12 13 14 15 16 17 18 19 20 21 22 23 24 25 26 27 28 29 31 32 33 34 35 36 37 38 39 40 41 42 43 44 45 46 47 48 49 50 51 52 53 54 55 
270 2 4 5 7 11 13 21 27 28 30 32 33 34 37 45 47 48 50 55 
159 2 4 5 6 8 9 10 16 19 24 25 27 30 31 35 39 40 41 42 43 47 50 54 55 
219 1 2 3 5 7 9 14 15 18 19 21 25 27 29 30 31 34 35 40 41 44 48 50 53 
118 2 3 8 9 13 20 21 25 26 30 31 33 36 40 45 47 50 
51 3 6 9 11 15 16 19 23 24 27 28 30 32 33 39 41 42 46 47 50 54 
63 1 8 10 11 12 15 17 18 21 22 24 30 34 38 44 47 53 54 
65 2 5 10 14 15 17 21 25 26 27 30 31 40 42 44 47 49 50 
55 2 4 5 6 14 16 17 21 26 29 30 36 41 42 44 48 50 51 54 
98 2 3 6 9 12 15 16 18 19 23 26 28 29 30 32 35 46 52 54 
62 2 3 5 8 10 13 16 18 19 20 22 24 25 30 32 33 34 37 45 46 47 51 54 
224 3 15 19 20 23 25 27 28 29 30 32 33 35 38 42 47 53 
214 2 5 11 13 17 25 27 29 30 32 35 37 38 41 44 45 49 51 52 54 
73 5 13 14 16 18 19 21 22 24 30 32 45 48 
32 3 5 6 11 14 16 17 21 23 24 25 27 29 30 33 36 37 38 42 45 46 49 51 52 54 55 
98 2 4 5 8 9 11 12 13 14 15 25 27 29 30 31 34 40 42 43 44 
72 4 6 7 13 17 19 22 24 27 30 35 39 40 44 50 51 52 54 
237 1 2 6 10 11 12 13 17 19 20 22 25 27 29 30 31 32 34 35 36 37 40 41 49 50 52 53 
227 2 5 7 8 12 15 17 18 20 23 24 26 28 30 31 33 38 43 49 51 54 55 
237 8 11 15 16 20 21 28 30 37 42 44 47 48 54 55 
281 4 8 9 10 11 13 14 15 19 23 24 26 30 31 32 33 34 35 37 38 46 47 51 54 55 
259 4 5 8 10 12 17 23 26 30 38 40 42 44 46 48 50 54 55 
19 2 3 5 6 9 11 12 13 20 24 28 29 30 39 42 44 46 47 54 
129 1 2 7 9 11 13 18 21 28 30 33 36 41 47 54 55 
35 1 3 4 8 10 11 15 16 19 20 22 27 30 32 35 36 38 39 40 42 44 46 48 49 50 51 52 53 
291 4 6 8 12 16 18 19 25 29 30 31 32 44 48 49 50 51 53 
060
34 9 12 14 16 18 20 21 22 26 28 30 31 33 34 37 42 48 52 57 58 60 
181 6 8 9 12 16 19 27 31 36 38 39 40 41 47 49 51 58 59 60 
282 4 9 10 16 18 22 28 31 33 38 40 41 47 52 55 56 
184 3 5 6 12 15 17 18 21 25 26 30 31 33 34 36 37 39 41 44 45 48 49 50 53 54 58 60 
125 4 6 9 10 13 15 18 19 20 22 23 26 27 28 31 34 36 37 38 39 42 44 46 52 58 
289 2 4 5 7 8 9 10 13 14 18 19 20 23 28 31 33 34 35 37 40 41 42 43 44 48 50 51 52 53 54 58 60 
133 6 11 15 16 18 19 20 23 27 29 30 31 32 33 35 37 39 40 43 45 47 50 
256 2 6 9 10 15 16 20 31 43 44 47 48 55 56 58 
73 1 2 3 5 6 8 16 18 22 23 25 26 27 30 31 32 33 34 36 38 40 45 46 49 51 52 
30 3 5 6 8 11 13 15 16 23 24 27 30 31 33 38 43 57 60 
113 7 10 15 16 19 20 24 25 29 31 33 34 35 37 38 45 46 47 53 59 
129 1 2 4 18 21 27 28 29 30 31 32 36 37 39 41 43 47 52 53 54 57 
36 5 6 10 14 16 17 18 19 20 23 25 26 28 29 30 31 32 33 34 35 38 41 43 45 48 51 55 
266 1 6 13 17 20 21 28 29 31 32 33 34 36 40 41 43 46 47 48 52 54 55 56 57 59 
106 4 5 7 8 10 11 27 29 31 33 36 37 38 43 44 46 48 52 54 55 58 59 60 
218 1 2 3 7 8 9 10 11 13 17 18 19 20 26 27 28 30 31 32 35 45 46 52 
187 4 13 14 16 19 22 25 26 29 31 35 38 39 41 42 43 45 47 49 54 56 59 
223 1 3 4 5 6 7 9 12 13 16 22 30 31 33 37 38 40 42 45 47 50 52 54 55 58 59 
240 2 5 6 7 11 13 16 17 23 25 28 31 33 37 38 39 41 44 45 46 48 52 56 58 60 
280 1 5 6 7 8 11 13 14 16 22 23 29 31 32 34 35 37 39 41 43 49 53 54 58 
105 1 4 12 14 22 23 24 25 27 28 30 31 35 39 41 42 43 45 47 49 50 51 52 55 57 59 
98 1 3 5 9 17 18 20 21 23 25 27 29 30 31 32 34 36 43 44 46 49 53 58 59 
217 5 6 7 9 10 13 19 20 21 22 28 29 31 32 37 43 44 46 47 48 53 55 57 58 
153 10 11 21 27 31 34 35 37 38 39 40 41 42 43 45 49 50 57 59 
34 4 9 11 13 17 19 21 22 26 30 31 33 34 37 40 48 49 52 54 60 
185 1 4 5 9 13 16 17 25 31 32 37 40 43 44 48 49 50 52 53 
245 2 5 7 9 10 12 15 16 21 22 24 30 31 37 41 44 47 48 49 51 55 58 
30 1 3 5 6 12 13 14 16 19 21 23 30 31 32 33 34 36 37 39 40 43 44 45 47 48 50 55 57 58 59 
141 7 11 12 13 14 15 17 20 22 23 31 33 34 35 37 44 48 49 51 52 55 60 
67 1 4 7 9 10 12 13 16 18 21 22 25 27 28 31 32 36 38 48 55 57 58 59 60 
120 1 2 3 4 5 6 7 8 9 10 11 12 13 14 15 16 17 18 19 20 21 22 23 24 25 26 27 28 29 30 32 33 34 35 36 37 38 39 40 41 42 43 44 45 46 47 48 49 50 51 52 53 54 55 56 57 58 59 60 
103 7 9 12 13 14 16 20 22 23 26 28 30 31 33 34 36 39 40 41 42 52 53 55 57 
260 1 3 4 6 7 9 10 11 13 14 15 18 19 25 28 29 31 32 34 36 43 48 52 55 56 
172 1 4 5 6 9 11 13 14 20 22 24 25 28 29 31 32 33 36 38 40 44 45 49 54 55 60 
267 6 7 11 13 16 17 20 21 24 29 31 36 43 45 46 49 54 56 57 58 59 
105 2 4 5 9 12 14 15 22 28 30 31 32 33 34 35 38 39 41 44 50 53 54 57 58 60 
58 1 4 5 6 7 11 12 15 18 19 20 23 24 25 26 27 28 29 31 43 45 54 60 
218 2 3 5 9 10 11 13 15 17 18 19 24 30 31 34 36 45 47 51 55 57 58 60 
49 2 4 5 7 12 17 19 20 21 24 28 31 32 36 40 45 50 51 53 56 
224 2 3 6 7 9 14 18 24 25 26 28 31 32 34 39 41 46 48 50 52 53 59 
19 2 3 4 6 12 13 14 17 19 20 21 24 27 31 32 36 40 42 43 44 47 48 51 52 54 55 57 58 60 
42 1 5 6 17 18 21 24 31 32 41 43 46 48 52 53 54 55 58 60 
121 6 7 8 10 12 13 14 15 17 20 21 22 23 24 26 28 31 33 35 37 41 42 45 49 51 52 53 55 56 59 
73 4 5 6 8 15 19 22 23 26 27 28 29 31 34 36 41 47 49 50 54 55 56 
89 4 7 9 11 13 16 17 18 19 21 24 28 31 34 35 37 38 39 43 46 47 48 50 52 57 
228 5 9 11 14 15 16 19 22 23 31 35 40 42 45 47 52 54 58 
51 2 3 7 8 11 12 14 17 18 21 23 27 28 31 38 41 44 45 46 50 51 53 
42 1 4 6 8 13 14 15 19 23 25 26 27 28 29 30 31 33 40 41 42 45 50 52 55 60 
97 2 4 9 17 20 21 22 24 25 26 27 29 31 34 35 43 44 51 52 53 54 56 59 
212 4 6 7 18 21 24 26 28 31 36 39 40 44 45 47 48 51 53 
120 2 6 9 13 21 27 29 31 38 39 41 43 47 49 50 52 55 56 
203 1 3 5 6 9 12 14 15 16 18 19 21 25 26 29 31 32 33 40 41 42 43 45 46 48 49 51 54 55 57 59 60 
94 4 6 11 12 20 22 23 26 31 32 36 39 40 42 43 47 49 50 56 
47 4 6 12 14 15 17 18 20 25 31 34 35 36 37 41 42 44 46 49 52 55 
262 3 8 13 14 15 18 21 23 27 28 29 30 31 32 33 34 38 41 42 43 44 48 51 52 54 58 
217 3 8 14 17 19 31 33 35 39 43 44 49 51 53 57 
80 1 10 12 14 21 23 24 28 30 31 32 35 36 38 41 45 52 56 60 
66 1 2 4 5 6 8 15 18 19 20 22 23 27 28 30 31 35 36 38 41 42 46 55 60 
281 2 11 14 15 17 18 21 22 24 28 30 31 35 40 43 49 52 
59 1 2 4 6 10 15 19 25 29 30 31 34 36 37 38 41 42 48 52 57 58 
065
136 2 6 8 10 12 16 17 18 21 22 23 31 33 34 35 37 39 40 42 43 45 47 48 56 64 65 
174 1 6 9 10 11 12 13 14 19 31 33 35 36 38 40 51 56 
53 6 10 11 14 21 23 24 25 28 29 30 33 34 36 37 38 39 42 50 55 56 58 59 62 
80 5 6 7 11 12 21 22 23 24 25 27 31 35 36 37 41 44 45 47 48 49 51 54 55 60 61 62 65 
147 4 6 7 11 15 19 21 24 25 26 27 35 37 42 47 48 53 56 57 58 60 62 64 65 
226 1 2 3 4 5 7 8 9 10 11 12 13 14 15 16 17 18 19 20 21 22 23 24 25 26 27 28 29 30 31 32 33 34 35 36 37 38 39 40 41 42 43 44 45 46 47 48 49 50 51 52 53 54 55 56 57 58 59 60 61 62 63 64 65 
153 4 5 6 10 14 15 19 26 30 31 32 33 38 40 41 42 46 51 53 54 55 57 59 60 65 
102 1 6 13 14 15 17 18 22 26 30 31 33 35 36 37 38 39 41 43 44 49 51 52 53 56 57 61 64 
25 2 6 10 12 14 15 19 20 22 23 27 29 31 33 34 41 45 50 52 54 55 57 60 64 65 
269 1 2 3 6 7 9 13 14 16 19 29 30 31 36 42 44 45 49 52 55 57 59 63 64 65 
239 2 3 4 5 6 12 13 16 17 20 28 29 33 38 41 45 56 58 61 63 65 
109 1 2 4 6 9 11 13 16 25 26 28 29 30 31 35 37 39 40 42 44 45 47 50 51 53 57 58 62 
251 2 6 8 10 11 12 14 22 24 26 29 33 36 38 42 44 47 48 49 53 59 62 65 
156 2 3 6 7 8 9 10 13 16 17 21 22 24 28 29 31 36 39 41 43 45 47 48 49 50 51 52 55 58 60 64 65 
173 5 6 7 8 9 17 18 19 20 21 23 24 26 28 29 32 34 35 36 37 38 40 42 46 47 49 51 53 54 57 62 64 65 
125 1 6 10 11 12 14 19 20 24 25 28 31 42 44 46 49 50 54 55 
11 1 6 8 11 14 15 18 21 22 23 25 32 33 35 38 40 41 43 44 47 48 49 54 56 58 60 64 
67 1 6 8 15 17 19 24 25 34 38 39 43 44 45 48 49 51 53 60 
202 2 5 6 7 9 10 15 16 18 21 22 23 32 33 34 42 43 44 46 47 48 49 52 53 57 58 65 
172 6 9 11 15 16 23 24 26 30 32 36 38 42 43 44 45 47 48 53 54 59 64 
103 1 3 4 5 6 14 15 17 19 28 29 30 32 35 37 44 47 49 53 54 59 61 64 
255 1 4 6 8 9 13 14 17 19 24 34 38 40 54 55 58 60 63 
40 1 3 4 6 9 15 17 19 20 28 30 31 36 39 40 41 42 47 48 50 52 60 61 63 65 
240 3 4 5 6 13 14 15 16 18 20 22 25 31 35 37 38 41 44 46 51 53 59 65 
132 3 4 5 6 12 16 17 18 24 27 28 30 32 33 35 37 40 41 43 44 45 46 47 49 50 58 61 62 
192 5 6 7 8 12 13 15 20 28 32 34 38 43 48 49 56 63 65 
116 4 5 6 9 25 28 29 30 41 44 50 52 53 60 61 62 
240 3 6 11 12 14 15 16 21 23 25 26 27 30 31 32 33 34 38 41 47 48 50 51 59 61 63 64 65 
156 3 6 9 10 11 12 13 14 15 21 27 30 37 42 46 48 49 51 52 53 55 61 63 
51 3 6 7 8 10 12 20 21 23 25 27 28 29 34 35 37 38 46 47 48 55 60 61 64 
270 1 2 4 6 7 8 9 10 12 14 16 23 24 28 35 36 38 46 49 50 51 53 54 55 57 59 63 
233 6 7 15 17 19 20 21 25 26 28 33 35 38 41 43 44 47 53 54 55 59 63 64 
297 1 2 3 6 7 8 9 11 13 17 19 25 28 32 34 35 40 44 47 48 50 52 65 
230 1 3 6 9 15 18 19 22 26 28 30 33 35 40 44 47 50 51 55 57 59 60 62 
264 1 2 4 5 6 8 12 15 17 21 24 25 30 31 32 33 34 37 40 44 47 49 50 53 56 57 58 62 65 
193 2 3 4 6 8 10 13 14 15 20 23 31 38 39 40 43 46 49 50 52 53 57 58 61 
58 1 3 4 5 6 8 12 15 21 24 25 29 30 35 39 42 43 44 45 46 47 48 55 56 58 60 62 
27 2 3 6 7 8 11 13 15 17 18 20 22 24 26 28 30 31 32 36 39 40 44 51 54 56 57 62 63 
205 1 3 6 8 12 14 18 23 36 37 38 43 45 54 56 59 62 
106 1 2 6 7 12 15 17 22 23 25 33 34 35 36 38 46 47 49 50 53 55 56 60 
135 4 6 7 8 9 11 14 17 23 24 25 27 28 32 42 44 45 46 48 50 53 55 59 60 63 
234 1 3 5 6 7 10 12 13 15 16 19 20 23 29 37 41 45 48 50 51 53 54 55 58 59 65 
237 1 6 8 14 17 18 19 20 25 26 32 36 37 39 49 51 52 55 56 57 58 59 63 64 
43 4 6 8 10 12 13 16 17 18 19 20 21 24 25 27 32 33 34 35 37 38 41 46 49 50 51 53 54 55 57 59 62 
42 1 4 6 9 10 11 12 14 18 20 25 37 39 41 42 48 49 51 62 
281 6 7 15 16 19 24 25 29 30 31 36 37 40 41 44 53 56 58 63 65 
140 1 4 5 6 12 13 14 15 17 19 20 21 23 25 28 30 32 33 34 35 37 40 52 54 56 57 58 59 61 62 64 
103 1 4 5 6 13 14 17 18 19 20 23 26 28 29 30 33 37 41 42 45 49 52 55 56 57 61 63 
171 4 6 8 10 13 14 15 16 17 18 19 21 25 26 29 31 35 36 40 43 44 45 48 51 53 55 56 57 59 62 65 
41 3 6 9 12 14 16 23 25 27 28 31 33 34 35 36 40 41 42 44 51 52 55 56 57 59 60 62 65 
194 2 4 6 7 8 12 14 15 18 24 28 29 31 34 38 42 43 44 45 49 50 54 55 57 60 61 63 65 
280 6 8 9 10 14 19 23 27 29 33 36 43 47 48 50 53 59 60 64 
199 5 6 7 8 12 13 15 18 19 20 21 24 27 29 31 32 35 36 40 41 42 44 46 49 52 57 62 64 
102 4 6 7 9 15 16 17 20 21 22 31 32 38 39 42 44 47 51 57 58 59 60 63 65 
160 3 4 6 7 9 10 14 16 22 29 30 31 32 34 37 40 41 42 43 44 48 49 50 51 56 58 59 60 63 
153 1 2 3 5 6 8 11 17 26 35 37 38 39 40 43 46 47 48 49 50 55 59 61 65 
194 5 6 7 8 9 10 12 15 19 31 34 35 36 38 43 44 47 48 49 50 51 53 54 58 61 63 
42 3 5 6 11 12 14 17 19 22 25 35 36 37 42 43 46 47 54 55 57 59 61 65 
29 3 6 7 10 13 20 21 24 28 31 32 34 39 41 42 43 44 47 49 50 52 54 55 56 58 62 63 
66 4 5 6 7 9 14 17 18 22 23 27 30 34 37 40 41 50 51 52 54 55 62 64 
183 4 6 8 11 21 23 25 27 28 29 30 36 47 48 51 56 57 58 62 63 
142 3 4 5 6 12 13 15 25 27 34 35 37 38 39 44 45 47 49 50 53 59 60 61 
298 6 10 11 22 23 26 28 29 31 32 38 41 43 46 48 51 54 55 57 59 61 
255 1 5 6 8 9 10 14 15 17 20 21 28 30 32 43 47 52 53 60 
295 1 4 5 6 7 9 10 11 13 14 15 19 23 24 26 28 33 35 42 46 49 50 51 54 56 58 
070
156 2 4 6 8 10 14 16 19 21 23 24 25 28 31 35 40 41 44 46 52 55 58 60 61 62 63 64 
57 1 7 8 10 11 14 15 17 20 21 28 29 36 40 51 52 56 58 59 60 65 66 67 69 70 
191 4 8 10 11 14 15 17 18 19 21 24 25 30 31 35 38 40 44 46 51 52 55 58 60 61 63 64 66 67 69 
274 1 3 11 13 14 15 16 18 21 22 23 24 27 29 31 34 36 38 40 41 43 44 48 50 52 55 56 61 62 65 66 67 69 70 
240 10 14 15 16 17 19 20 21 24 25 26 30 32 34 37 40 43 45 48 50 51 54 57 61 63 65 
143 1 8 10 12 14 15 20 22 23 24 25 26 30 31 37 40 42 44 46 47 49 63 64 66 
59 2 14 19 20 24 25 28 33 34 35 36 37 39 40 43 44 46 49 51 52 55 56 59 63 66 
161 1 2 3 6 10 13 14 20 22 25 35 36 40 42 44 46 48 50 51 52 54 56 58 61 66 67 68 
71 18 21 25 27 31 32 37 38 39 40 43 44 48 54 55 58 59 61 64 68 
94 1 2 3 5 6 8 11 18 19 21 25 26 29 31 35 38 39 40 43 47 48 50 53 55 59 60 63 
269 2 3 4 10 17 23 25 26 29 38 40 41 45 48 51 54 55 57 59 64 65 66 67 69 
111 6 15 22 23 25 27 28 30 35 36 38 39 40 41 47 50 52 55 58 66 69 70 
204 4 8 18 20 21 22 28 32 33 35 40 41 42 44 52 53 58 59 64 70 
116 1 2 3 4 5 6 7 8 15 21 26 28 33 34 36 37 40 41 42 43 45 47 49 50 51 54 66 69 
19 2 3 4 5 6 12 14 20 21 29 35 37 40 48 54 56 58 66 69 
27 1 4 5 18 20 21 22 23 26 28 29 30 31 34 35 37 39 40 47 48 53 54 55 57 58 60 61 63 64 65 67 69 
14 2 3 5 11 20 21 22 23 24 26 27 35 40 41 43 45 47 51 53 55 56 57 60 61 62 64 65 66 
33 3 4 9 10 13 16 19 21 23 24 25 29 32 34 36 40 42 44 48 50 54 55 57 60 62 65 67 70 
260 1 3 5 7 10 18 23 24 25 26 27 28 31 34 39 40 41 43 48 53 54 56 57 60 63 64 67 68 
57 2 5 6 7 8 13 15 16 17 22 23 25 30 31 34 37 38 39 40 41 47 52 53 60 62 
201 1 2 3 4 5 9 10 13 14 15 16 17 18 23 25 29 34 37 40 41 43 46 47 50 58 60 61 62 63 64 69 70 
61 4 6 8 12 13 16 17 20 26 27 37 40 43 47 48 51 52 55 57 58 59 60 62 66 67 68 70 
66 1 4 6 11 12 16 17 18 19 20 21 24 30 32 33 36 38 40 41 44 46 47 51 55 60 61 62 66 68 69 
143 1 3 4 5 6 7 17 18 19 23 25 27 28 30 34 35 36 38 39 40 41 44 46 47 50 53 57 59 61 62 64 65 66 70 
73 1 3 5 6 7 8 9 10 11 12 18 19 20 21 24 26 27 29 36 39 40 42 50 54 55 56 57 58 59 60 68 70 
199 5 6 10 11 14 16 17 19 22 25 28 30 31 32 34 35 37 40 41 45 46 51 53 57 59 60 61 63 65 67 69 
47 4 9 12 17 19 22 24 25 28 29 30 33 39 40 42 45 52 53 60 63 65 68 70 
166 1 2 7 12 13 14 16 19 24 26 27 32 33 38 40 42 45 47 48 56 57 62 63 65 66 
17 2 4 10 11 15 16 18 21 25 27 30 32 40 41 46 50 52 53 54 55 56 57 60 61 63 64 67 68 69 70 
187 3 5 6 12 16 20 23 24 26 27 29 32 35 38 40 42 44 46 48 52 53 61 62 67 70 
52 1 3 4 6 9 10 16 19 20 26 36 39 40 41 43 48 49 52 55 57 58 60 61 69 70 
119 5 9 13 18 23 26 28 29 30 34 35 40 44 45 48 56 59 65 66 69 70 
119 7 13 14 23 27 28 34 35 38 40 41 44 45 46 49 58 61 63 67 69 
272 4 5 7 14 16 18 19 20 21 24 26 32 33 38 40 42 44 46 49 51 54 56 57 58 61 70 
283 1 3 7 8 10 12 13 15 16 17 24 26 30 32 33 37 39 40 42 43 46 50 51 55 56 60 61 68 69 70 
82 2 4 7 8 12 14 18 23 24 25 31 37 39 40 43 44 48 51 52 54 55 60 62 66 68 
130 5 6 7 9 14 15 16 20 21 22 26 35 36 40 43 44 45 48 50 52 55 66 67 69 
254 3 4 9 10 11 12 20 23 24 28 30 33 34 40 47 48 50 52 60 61 63 70 
129 7 9 10 12 16 19 20 24 25 27 31 35 36 40 42 43 46 47 48 50 56 58 61 65 
46 1 2 3 4 5 6 7 8 9 10 11 12 13 14 15 16 17 18 19 20 21 22 23 24 25 26 27 28 29 30 31 32 33 34 35 36 37 38 39 41 42 43 44 45 46 47 48 49 50 51 52 53 54 55 56 57 58 59 60 61 62 63 64 65 66 67 68 69 70 
165 1 4 11 12 13 14 17 19 20 21 23 24 26 29 31 33 40 42 44 45 46 50 51 53 56 59 61 64 
278 6 8 13 14 18 25 27 28 30 34 35 39 40 41 44 45 48 51 57 61 65 66 67 68 70 
138 4 5 7 9 10 14 17 19 21 22 31 35 36 37 39 40 44 45 51 52 62 65 67 70 
122 1 3 4 6 7 8 9 13 18 23 24 30 32 33 34 36 37 40 41 42 43 45 46 47 51 56 57 61 63 66 
114 5 11 14 17 26 27 28 32 33 37 40 41 42 43 44 48 55 59 61 63 64 66 68 69 
178 1 3 6 7 8 21 23 24 26 29 30 33 34 35 39 40 41 44 48 51 56 58 60 61 63 64 68 
110 6 10 12 14 16 17 20 21 22 23 24 28 38 39 40 44 49 50 52 53 54 55 56 57 58 60 61 63 69 
85 4 5 8 9 10 11 15 16 18 19 22 28 30 31 32 36 37 38 39 40 42 45 46 55 56 58 59 60 61 64 67 68 70 
100 6 7 14 31 33 34 40 47 53 54 56 57 59 60 65 69 
48 4 5 8 10 12 14 18 21 24 25 29 35 37 38 39 40 41 47 53 55 57 62 69 70 
32 2 3 5 7 8 11 14 17 22 23 26 34 35 36 40 41 42 43 44 46 53 57 58 59 60 
184 1 2 3 4 7 8 12 13 20 22 27 29 30 31 36 37 38 40 43 47 60 
29 10 13 16 17 19 20 24 26 27 29 30 40 41 47 49 50 51 57 62 67 68 69 
227 5 8 9 11 14 15 16 18 19 25 29 34 36 40 47 49 56 61 62 64 69 
158 1 3 4 7 9 10 11 12 16 17 18 22 23 25 29 31 35 36 37 40 45 47 48 50 60 62 70 
229 2 4 7 8 15 17 19 25 28 29 32 34 35 39 40 41 44 46 47 48 49 54 57 58 60 66 
84 5 11 16 17 18 19 22 24 25 26 28 29 31 34 40 42 44 47 49 50 51 53 56 63 64 65 67 
10 1 2 3 8 9 12 13 15 16 21 22 25 31 33 34 39 40 46 47 48 51 56 61 62 68 
182 2 7 9 10 11 13 22 24 25 26 32 40 41 45 48 49 51 60 62 67 68 69 70 
29 1 2 3 10 16 17 18 19 20 21 22 23 25 26 27 29 31 35 36 38 40 46 47 48 49 51 52 55 56 59 66 68 69 
11 1 3 4 5 8 9 16 17 21 23 24 26 29 30 31 33 34 35 38 39 40 41 42 44 45 46 47 48 54 58 65 69 
221 1 4 17 18 20 21 22 23 24 28 30 36 40 43 50 53 54 55 58 59 63 65 66 
69 1 3 5 6 7 10 16 19 21 26 27 28 29 33 38 40 44 45 46 47 57 62 65 67 68 
66 1 3 6 9 11 13 16 17 19 21 24 29 40 41 45 46 48 54 57 66 68 69 70 
44 2 4 5 11 16 17 18 24 26 27 28 32 39 40 42 43 49 57 61 62 63 67 68 69 
107 2 3 4 6 7 8 11 12 14 15 17 22 23 24 28 32 36 37 40 42 44 45 56 60 62 64 
96 2 3 4 8 11 16 18 19 22 26 29 30 33 37 40 42 43 48 53 57 59 63 65 
257 8 9 19 22 23 25 27 29 35 36 40 42 45 46 48 53 58 59 60 63 64 65 
21 2 3 4 11 12 14 15 16 21 23 26 29 31 32 33 35 37 40 45 47 49 50 53 54 59 60 61 64 65 70 
87 2 4 12 13 18 21 22 24 25 27 29 30 31 32 34 35 38 40 42 43 48 50 55 59 64 69 
075
202 2 5 6 7 8 9 10 12 13 19 23 24 39 41 44 49 51 56 58 59 61 64 65 69 71 72 73 75 
98 1 3 4 9 10 11 20 22 24 28 34 38 40 43 46 47 51 52 55 56 60 63 66 70 71 72 75 
182 2 6 14 16 22 23 25 27 28 30 39 40 45 47 51 52 58 59 61 71 73 75 
163 2 7 17 18 19 23 24 27 29 30 32 37 38 40 45 50 52 54 55 56 57 60 61 63 64 65 69 70 71 72 74 75 
70 1 6 11 12 13 16 17 18 19 21 22 23 28 29 30 33 35 36 44 47 48 49 50 53 55 62 66 70 71 74 
259 1 3 5 7 8 9 10 14 26 29 34 36 39 40 41 42 46 47 48 50 55 57 59 62 63 65 67 70 71 73 74 75 
269 1 4 6 11 13 15 16 20 26 29 33 34 35 37 41 42 44 49 51 52 53 57 63 65 67 68 69 71 73 74 75 
93 1 6 9 10 11 13 17 19 24 27 29 31 32 34 36 37 40 42 43 44 48 53 55 56 63 66 67 68 69 71 
26 1 2 6 8 10 14 15 19 20 24 27 30 31 33 36 37 38 39 44 46 51 52 56 60 64 66 68 70 71 73 74 
292 1 2 6 8 9 11 13 17 18 20 23 24 25 26 27 29 31 34 35 39 46 47 51 54 56 59 62 63 66 68 69 70 71 73 
98 2 5 7 8 10 15 16 17 19 22 24 25 31 32 33 40 42 44 47 48 51 54 57 60 62 66 67 68 69 71 72 73 75 
190 1 5 15 18 22 24 25 27 31 34 38 42 44 45 48 50 53 54 56 59 60 62 67 71 74 
164 1 5 7 8 10 14 15 20 21 23 26 27 32 34 36 37 40 43 44 46 51 54 57 59 61 62 65 66 67 68 69 71 72 73 
69 3 6 9 13 15 19 20 21 24 26 31 33 35 38 43 44 46 48 49 51 55 56 57 58 61 64 66 69 70 71 75 
99 7 9 11 12 13 14 19 20 22 25 27 29 30 32 34 35 37 38 45 47 48 50 54 61 63 66 68 71 74 75 
113 3 5 7 11 17 20 23 30 32 34 36 38 43 46 49 53 60 61 62 64 66 71 73 74 75 
298 4 5 8 10 11 16 19 20 22 26 27 31 33 34 35 36 39 43 44 45 46 50 51 56 57 60 63 66 67 68 69 71 72 74 
132 4 5 10 12 20 21 23 27 30 32 33 37 44 48 51 53 60 62 66 68 71 73 74 75 
58 1 4 5 8 9 11 14 15 17 21 22 23 24 27 30 31 32 39 40 42 45 48 49 50 55 56 59 60 61 65 66 70 71 72 
79 2 7 9 10 13 14 15 16 17 18 24 25 31 34 35 40 42 43 48 49 52 54 61 63 70 71 
133 5 13 14 18 19 23 25 27 28 29 34 37 41 43 44 46 47 51 52 58 60 66 67 71 73 74 
45 2 3 5 11 12 15 17 19 25 29 30 31 32 33 36 37 40 41 44 49 51 52 55 59 60 64 67 68 71 75 
139 1 3 4 5 10 13 16 18 19 21 25 30 36 40 41 45 48 49 52 57 58 59 60 66 69 71 72 73 74 75 
93 1 2 4 8 9 10 11 12 14 19 20 30 36 37 41 42 44 45 49 51 54 55 59 61 62 66 67 68 70 71 72 73 75 
282 3 10 11 12 15 20 21 22 23 26 29 34 36 38 40 42 45 46 60 64 67 68 69 71 72 73 
196 6 7 10 13 14 17 25 28 29 36 38 39 41 43 45 47 48 49 52 53 60 61 63 65 66 67 68 70 71 
16 3 4 8 9 10 12 13 15 17 18 19 21 28 36 37 41 42 49 52 53 55 56 57 65 71 
72 2 3 5 21 26 27 39 43 47 55 61 63 65 67 71 75 
91 4 5 6 7 8 10 15 21 22 25 26 31 37 39 44 45 46 54 56 57 59 63 64 65 67 70 71 
70 3 4 5 9 15 16 18 19 22 23 24 31 35 39 40 47 53 54 55 57 58 60 68 70 71 75 
208 8 9 10 11 12 14 17 19 20 22 29 30 34 35 36 37 38 42 43 45 47 50 51 59 64 71 73 
207 4 8 11 13 15 16 18 19 22 33 35 37 41 43 53 56 57 59 62 66 70 71 73 74 75 
267 5 7 9 11 14 17 18 22 32 34 36 38 39 42 48 51 52 54 59 60 63 64 66 67 71 
94 2 6 7 8 10 12 13 15 16 17 20 21 25 31 33 37 38 39 41 42 43 44 45 50 51 52 54 58 67 71 73 
73 5 7 10 14 15 17 20 30 31 32 38 40 44 46 48 51 55 59 63 64 67 68 70 71 72 73 74 
177 5 6 8 9 13 16 17 22 23 24 25 26 27 31 33 39 44 46 49 50 54 56 57 58 62 64 69 71 74 
221 4 7 8 9 13 15 18 21 22 24 27 29 31 32 34 41 43 45 49 52 53 54 65 67 71 73 74 
84 2 4 9 12 14 15 16 25 26 31 33 34 35 39 46 48 53 56 58 59 62 66 70 71 72 75 
78 1 3 6 9 10 17 19 26 28 29 30 33 34 36 38 40 42 43 46 52 53 54 55 58 61 63 65 68 70 71 
125 2 3 4 6 8 11 13 19 20 22 23 25 30 35 39 44 45 46 47 60 61 62 64 67 68 71 72 73 
52 1 6 7 21 22 23 24 26 27 32 34 37 42 45 48 49 52 55 56 60 61 63 65 66 67 69 70 71 73 74 75 
275 6 7 8 11 12 19 20 24 25 27 31 33 34 39 41 51 56 58 61 62 63 65 70 71 74 75 
102 2 8 13 14 16 17 20 21 26 28 31 32 34 37 39 45 47 48 51 56 57 60 62 64 68 71 75 
81 1 5 7 8 9 11 12 13 14 17 18 21 22 24 29 34 35 36 40 45 47 48 51 52 54 57 58 60 62 66 67 70 71 75 
29 3 4 12 15 17 19 23 24 25 26 29 31 34 37 40 41 43 44 48 50 51 52 54 56 57 60 67 68 69 71 74 
26 2 6 9 10 13 14 16 17 21 25 29 35 36 38 39 40 47 49 54 55 59 65 67 68 69 71 73 74 
13 2 3 5 6 10 11 15 21 26 28 30 31 40 43 44 46 49 51 54 55 57 60 63 65 66 70 71 73 
33 5 6 8 11 12 14 15 18 19 20 23 26 33 35 38 41 43 44 45 54 56 57 58 61 62 63 66 67 68 69 71 74 
216 1 5 7 14 16 19 20 22 23 24 26 27 36 37 41 46 47 51 53 55 61 67 71 72 74 
271 4 5 6 12 15 17 19 31 34 36 45 52 53 55 57 60 67 68 69 71 72 75 
25 1 2 3 7 9 10 11 13 14 17 18 21 22 24 31 33 34 35 42 43 44 45 47 49 55 63 64 71 73 
68 2 3 4 7 9 20 21 22 23 26 27 33 34 37 39 41 44 45 50 54 55 56 61 63 66 67 71 72 73 
127 5 7 8 12 16 18 26 27 30 32 37 38 39 49 50 55 58 62 66 70 71 75 
251 4 10 11 12 13 15 20 24 29 30 33 34 36 37 39 44 45 46 47 48 52 57 59 61 62 65 66 68 71 72 
207 2 4 5 6 8 14 19 22 24 27 28 30 35 39 41 46 47 49 50 51 52 53 56 59 60 63 64 65 70 71 73 75 
55 1 2 4 8 9 10 12 14 17 19 27 29 32 36 38 41 42 43 45 48 52 55 57 58 63 68 70 71 72 74 75 
179 4 6 7 11 13 14 17 23 27 29 30 32 36 43 44 45 47 48 50 54 56 59 60 61 62 63 64 67 69 70 71 72 73 74 
186 1 3 14 21 23 30 34 36 38 39 42 44 48 53 56 62 69 70 71 73 
146 1 3 6 10 12 13 19 22 23 24 29 31 32 33 35 38 46 54 55 57 60 61 62 65 68 69 71 75 
228 2 4 9 11 12 16 17 18 19 21 22 23 25 26 30 33 40 41 43 44 45 47 50 55 57 59 62 71 
25 1 3 4 13 14 15 16 19 20 24 26 28 39 40 41 42 48 49 52 54 57 59 63 65 66 68 70 71 72 74 75 
11 5 6 10 11 12 13 16 18 24 32 36 38 40 42 43 44 48 53 54 57 58 59 60 64 65 68 70 71 73 75 
283 2 4 6 7 8 10 15 17 20 26 28 29 33 35 39 41 42 47 48 51 52 55 56 57 61 69 71 73 
15 1 4 9 14 16 22 25 29 31 33 35 36 40 43 51 55 57 62 65 71 72 73 
190 1 4 6 7 13 19 26 27 28 29 37 39 41 42 46 47 54 55 59 61 62 64 66 71 73 75 
139 2 5 8 9 10 11 13 14 15 16 17 18 19 21 23 24 26 32 33 38 41 44 47 48 52 53 54 61 65 71 73 74 75 
144 6 7 8 11 12 13 17 21 22 24 25 26 28 29 33 34 35 37 40 41 44 45 46 48 49 50 52 57 68 69 71 72 74 
190 7 8 9 10 11 13 15 17 18 22 24 25 26 30 35 39 40 43 45 46 48 50 54 56 59 61 62 67 71 75 
241 1 4 7 8 10 11 13 14 17 23 25 36 41 45 46 48 50 57 58 59 63 67 71 
49 2 4 5 6 9 10 14 19 20 24 26 29 30 32 35 38 39 41 42 44 47 53 55 56 57 58 61 62 71 72 73 74 75 
118 1 2 3 4 5 6 7 8 9 10 11 12 13 14 15 16 17 18 19 20 21 22 23 24 25 26 27 28 29 30 31 32 33 34 35 36 37 38 39 40 41 42 43 44 45 46 47 48 49 50 51 52 53 54 55 56 57 58 59 60 61 62 63 64 65 66 67 68 69 70 72 73 74 75 
106 1 2 4 11 13 17 19 23 24 25 35 38 40 49 50 52 54 56 57 61 64 67 70 71 
230 1 3 6 7 9 10 11 13 16 18 21 23 24 25 31 32 34 35 37 40 41 46 47 51 52 55 57 58 62 63 64 65 66 70 71 75 
284 4 5 6 7 9 12 15 16 17 18 21 23 32 35 36 37 41 42 45 46 48 49 56 57 61 66 67 70 71 
11 1 2 3 4 6 7 11 14 15 16 18 22 23 24 28 30 32 38 41 42 43 44 50 53 55 56 59 61 62 65 66 68 70 71 73 
080
296 2 3 7 11 12 13 15 18 19 21 25 26 27 29 31 33 34 37 40 44 45 46 48 49 50 54 55 58 61 67 68 69 73 78 79 
22 1 3 4 5 6 7 8 9 10 11 12 13 14 15 16 17 18 19 20 21 22 23 24 25 26 27 28 29 30 31 32 33 34 35 36 37 38 39 40 41 42 43 44 45 46 47 48 49 50 51 52 53 54 55 56 57 58 59 60 61 62 63 64 65 66 67 68 69 70 71 72 73 74 75 76 77 78 79 80 
81 1 2 5 6 11 14 20 21 33 37 39 41 51 52 53 59 61 63 65 68 70 73 75 
260 2 6 7 9 14 17 23 26 27 31 32 33 34 36 37 38 39 40 42 43 45 46 54 56 60 61 64 65 67 70 76 77 
114 2 3 7 12 13 14 16 17 19 23 24 25 26 27 30 31 33 36 37 38 40 47 49 52 54 60 61 63 67 70 72 75 76 77 79 
130 2 3 4 10 12 13 15 16 19 21 24 26 28 29 30 35 36 39 40 42 45 47 49 50 52 53 54 55 56 58 60 61 62 63 64 65 66 67 71 79 
208 1 2 4 5 8 15 17 20 26 31 32 35 37 38 42 48 50 51 55 56 58 60 61 64 67 70 74 79 
63 2 7 10 12 13 16 20 21 26 27 30 33 34 35 37 38 41 49 54 56 62 68 70 73 75 76 78 79 
44 2 4 12 13 19 24 25 27 29 32 33 34 35 37 38 42 44 45 47 51 53 67 76 77 78 80 
276 2 6 8 11 13 14 15 16 20 25 26 27 29 33 35 38 39 41 45 50 51 54 55 58 59 64 67 70 71 72 73 75 
164 1 2 3 10 13 19 20 21 23 26 28 30 40 42 45 46 58 62 63 65 67 70 71 73 78 79 80 
242 1 2 5 6 8 9 13 14 15 17 18 24 26 27 34 36 37 43 44 45 46 49 50 60 63 64 65 70 72 74 77 78 
290 1 2 5 6 8 9 10 11 12 14 16 17 20 23 24 26 32 33 40 43 44 50 52 57 62 67 69 71 72 73 75 79 
98 2 3 4 5 10 12 13 17 18 20 25 27 30 32 33 34 35 43 44 45 54 60 63 64 65 66 67 72 74 76 
51 1 2 6 7 10 12 19 21 26 29 31 33 35 40 41 42 44 47 48 49 52 53 54 55 57 65 66 67 68 70 71 72 73 74 75 78 
136 2 5 6 8 10 13 17 21 27 31 36 43 45 47 48 51 57 58 61 63 64 66 69 73 76 
225 2 4 5 7 12 13 14 16 20 21 28 31 33 35 36 41 42 44 45 47 48 52 54 56 57 58 59 67 69 72 74 75 76 77 78 
111 1 2 12 14 20 21 26 27 28 36 37 41 42 44 46 48 53 54 58 59 61 65 68 71 72 75 79 
257 1 2 5 6 9 11 15 20 22 23 24 25 26 27 29 35 37 39 44 51 53 55 58 59 61 66 68 74 76 
133 2 3 7 8 10 11 13 14 17 18 19 22 26 29 33 34 35 37 39 41 46 47 50 56 58 62 63 65 66 67 70 75 77 
286 1 2 3 6 8 11 15 16 17 18 27 28 29 32 34 36 39 43 46 48 50 51 59 60 61 62 64 67 68 70 72 73 75 79 80 
247 2 19 20 25 27 32 37 38 40 43 45 46 48 51 54 55 58 60 61 62 66 67 68 70 72 
290 2 4 5 11 13 19 24 26 28 30 31 34 39 41 42 44 45 48 54 55 59 62 63 66 67 68 74 76 
49 2 5 6 9 12 13 19 23 28 31 37 40 43 46 47 48 51 52 53 57 60 67 72 76 80 
234 1 2 5 9 10 14 19 22 26 27 28 30 31 32 35 36 37 40 42 45 47 48 50 53 56 57 58 59 60 66 67 68 70 71 72 73 74 75 76 78 
29 1 2 4 5 6 7 8 10 11 12 13 15 18 19 20 23 25 27 31 33 36 37 38 39 40 41 45 48 50 53 59 70 71 77 
209 1 2 4 5 8 9 10 12 14 16 18 19 21 22 25 26 30 34 35 36 37 39 42 43 47 52 54 58 61 62 66 69 70 71 74 76 77 79 
75 2 6 11 17 18 21 23 24 25 33 35 36 38 42 44 48 51 56 61 62 66 72 73 74 77 79 80 
72 1 2 6 9 10 15 19 20 21 32 33 35 37 42 45 50 54 55 56 57 59 60 62 63 70 71 72 76 
236 2 5 6 8 11 14 23 25 27 32 37 40 41 49 55 56 57 61 67 68 70 75 79 80 
162 1 2 4 5 7 15 16 17 23 24 25 26 33 35 38 44 46 50 53 54 56 61 62 64 66 69 70 71 74 76 77 78 79 
46 2 4 7 9 13 14 21 22 25 29 30 33 35 37 40 41 45 46 47 51 52 57 60 61 64 71 78 80 
233 1 2 3 4 5 8 9 10 13 14 15 17 20 26 28 29 31 32 35 37 38 40 44 52 56 57 59 61 63 64 66 67 72 73 74 78 
83 1 2 4 8 9 12 14 20 21 23 27 41 54 62 68 70 71 76 79 
195 2 6 7 8 9 10 14 15 17 19 20 25 27 28 29 31 32 33 36 40 41 43 45 47 51 59 60 63 70 71 73 74 76 77 80 
256 2 4 5 6 12 16 17 18 21 25 26 27 28 35 37 39 41 42 43 44 46 48 50 54 56 57 59 64 65 66 75 78 79 
146 1 2 3 4 5 7 8 9 12 18 19 20 22 24 25 26 27 29 30 32 33 36 42 45 47 48 50 51 54 55 58 60 61 62 66 71 72 75 76 77 
261 2 4 5 7 8 9 10 22 26 28 31 33 40 43 45 46 47 48 49 53 54 57 58 59 62 63 66 67 69 71 72 73 
235 2 3 4 6 10 19 20 21 23 26 27 36 41 42 43 49 57 62 63 64 65 70 76 77 
289 1 2 4 5 6 11 13 15 22 24 25 26 30 32 33 35 38 42 44 45 46 47 50 52 59 60 62 63 68 69 
137 2 3 8 10 15 17 18 20 23 26 30 32 34 35 36 39 48 50 54 56 60 64 66 70 71 73 74 77 79 
150 2 4 6 7 9 11 15 17 18 23 25 27 28 29 36 37 39 40 47 48 50 52 53 55 59 61 62 64 65 66 72 74 75 76 78 80 
64 2 4 12 13 14 16 21 22 24 27 35 36 38 39 44 45 46 50 51 52 61 62 63 64 66 67 73 76 77 79 80 
121 1 2 9 12 13 14 15 17 18 19 23 28 31 33 36 40 43 45 48 50 54 56 66 68 70 72 80 
76 1 2 4 6 9 10 11 12 14 16 17 22 23 25 26 29 32 35 37 38 40 43 44 46 48 50 56 57 59 60 67 73 77 78 79 
190 1 2 4 11 12 18 20 21 22 24 31 32 36 38 40 43 45 49 50 51 54 55 58 59 61 63 65 66 67 69 72 73 74 
161 2 5 6 9 15 16 17 20 24 25 27 32 35 37 38 40 42 50 52 53 54 60 61 62 63 64 65 68 74 75 79 80 
106 1 2 7 15 16 17 18 21 22 23 24 25 26 28 36 37 38 41 42 44 45 50 52 54 55 62 63 69 70 71 74 78 79 
279 1 2 5 6 8 12 15 30 38 39 46 51 52 55 62 64 68 72 77 79 80 
159 1 2 6 7 10 12 13 20 21 25 26 29 31 36 37 40 41 42 43 44 45 46 47 48 51 52 63 67 69 74 77 78 80 
291 2 3 7 9 10 16 19 21 22 24 28 32 35 37 43 46 49 50 53 54 55 62 66 68 72 74 76 77 80 
249 2 3 5 6 13 15 17 24 27 32 33 40 42 43 47 48 49 50 53 54 55 56 57 60 62 63 65 66 68 73 80 
242 2 3 6 9 15 18 19 24 25 26 31 38 42 47 51 52 54 56 58 64 66 69 70 72 77 78 79 80 
125 1 2 4 5 6 8 10 14 15 17 18 22 23 27 29 31 34 36 37 38 41 44 46 47 48 51 52 53 55 56 58 59 60 61 65 71 78 79 
82 1 2 6 7 10 15 19 22 23 29 30 37 42 46 48 49 51 52 54 66 67 73 77 78 80 
220 2 4 6 7 8 17 20 25 28 29 30 31 33 36 41 44 45 52 53 54 62 70 73 76 77 78 80 
149 2 13 15 16 17 24 25 29 30 32 33 36 38 39 45 52 63 64 65 69 71 73 77 80 
173 1 2 6 7 10 11 16 17 18 19 20 22 25 27 37 38 46 53 54 63 67 69 70 72 76 77 78 
219 2 3 10 17 18 19 21 23 25 26 29 33 35 36 38 40 42 45 46 54 63 65 68 71 76 77 
147 2 4 5 6 7 12 14 21 22 24 25 29 32 35 37 40 41 45 47 52 54 66 68 69 70 71 73 74 77 
30 1 2 3 4 5 6 7 16 18 19 21 22 27 28 30 31 32 33 37 42 43 46 47 54 63 66 73 77 79 
24 2 6 8 11 13 20 21 22 23 27 28 29 31 34 37 38 39 40 42 43 47 48 49 51 52 56 65 67 69 73 74 75 78 
249 2 3 5 6 11 12 14 16 20 23 29 33 35 38 39 40 43 46 47 48 50 52 57 58 59 61 66 71 75 76 77 78 80 
116 2 4 6 7 10 12 14 16 21 31 32 33 36 39 41 42 43 47 49 53 57 66 67 68 69 71 
105 2 3 4 6 11 12 14 15 18 20 36 39 42 46 47 52 54 57 59 62 69 70 76 78 79 80 
65 2 6 14 15 16 19 20 22 23 25 27 28 31 33 36 37 38 41 42 43 44 46 51 52 53 55 60 61 63 64 68 73 75 77 78 80 
118 1 2 4 5 6 7 9 10 11 13 14 15 17 20 21 22 23 24 25 30 33 38 43 45 46 50 55 58 62 64 68 69 71 75 76 79 80 
126 1 2 3 8 15 18 19 21 22 23 25 30 34 40 44 47 49 51 52 59 60 64 66 67 72 80 
16 1 2 13 16 17 27 31 38 40 46 48 50 53 57 58 60 62 64 65 67 70 71 72 76 77 78 79 
161 2 3 4 5 7 8 10 11 12 15 20 21 22 25 26 27 29 30 31 34 35 39 41 44 48 53 56 58 60 65 69 72 73 75 76 77 79 
185 2 6 10 11 13 15 18 25 26 27 29 31 32 34 35 37 38 41 48 54 57 59 60 63 64 67 69 72 73 74 75 76 77 80 
157 2 5 10 12 13 14 15 17 18 21 22 24 25 28 29 33 37 38 42 44 46 49 51 53 58 68 69 70 71 73 74 75 79 80 
273 1 2 3 8 10 11 13 15 16 21 25 28 33 35 38 41 43 45 46 52 55 56 57 60 61 62 66 70 71 72 74 76 77 78 79 80 
292 2 7 12 14 15 17 19 23 25 27 28 31 33 35 41 42 46 47 48 50 51 60 62 71 72 73 79 80 
262 2 3 5 8 10 13 15 17 18 20 21 25 30 36 37 42 47 62 63 66 67 70 71 72 
74 2 4 5 8 9 14 16 17 19 23 24 25 27 29 31 34 35 37 39 42 43 51 56 58 59 63 65 67 69 70 71 73 77 79 
80 2 4 5 9 12 17 20 26 27 28 31 35 37 39 41 43 45 49 50 51 53 55 56 57 58 59 60 61 63 66 69 70 71 73 76 78 80 
221 1 2 8 9 11 12 15 17 25 31 32 33 36 42 45 48 50 53 54 55 56 58 62 63 65 66 69 73 77 
218 1 2 5 6 7 8 11 13 18 21 27 28 30 31 34 36 41 43 45 47 48 49 53 54 61 65 67 69 70 72 73 74 76 
189 2 9 11 21 24 28 30 32 35 42 43 44 47 49 50 51 52 53 55 56 57 63 65 66 67 68 71 72 73 74 77 
085
189 2 3 4 6 10 11 12 14 17 18 19 22 23 24 28 31 32 35 39 41 47 48 50 52 55 56 58 61 62 63 64 69 70 71 74 82 84 
190 1 8 12 14 16 17 18 19 24 25 30 31 35 37 40 43 48 49 53 54 55 58 59 60 64 65 66 69 72 74 76 81 84 85 
19 1 5 8 9 13 14 21 28 29 30 32 34 35 37 42 43 45 47 49 52 55 57 58 60 62 63 64 65 75 77 82 
156 1 7 8 9 13 16 17 19 24 27 31 33 35 36 39 42 46 48 49 53 54 57 58 61 64 67 68 71 74 77 80 84 85 
223 3 9 12 14 15 17 21 24 25 26 27 30 35 36 37 38 39 40 42 48 49 51 52 55 56 58 60 64 66 69 71 72 74 75 77 85 
242 1 7 11 15 18 21 22 23 24 25 29 32 33 35 40 41 42 44 46 47 54 64 69 70 72 73 79 80 81 84 
148 4 6 9 14 15 16 19 22 23 24 26 32 34 35 38 39 47 48 52 56 59 61 62 63 64 66 68 72 75 76 78 80 83 
183 2 3 4 10 11 12 18 19 25 33 42 45 47 49 57 60 62 64 66 68 69 70 72 76 78 84 
132 3 4 5 7 10 14 16 23 26 27 29 30 33 35 36 39 40 42 43 46 48 49 52 58 60 61 63 64 67 72 79 
40 1 8 9 14 15 19 28 29 30 31 33 34 35 40 41 48 49 52 53 56 58 59 63 64 69 70 71 73 74 75 80 83 85 
206 1 6 8 13 15 17 20 22 24 30 32 33 34 35 37 38 40 42 47 49 51 55 60 61 64 66 67 69 73 74 76 78 80 84 
32 1 2 5 8 13 14 15 17 18 19 25 28 34 37 40 41 42 46 50 53 54 55 56 57 61 62 64 68 75 80 83 84 
214 3 4 11 12 19 20 21 22 30 32 35 36 39 41 44 45 47 48 55 57 59 60 61 64 69 73 75 79 80 82 
142 1 2 3 5 7 9 10 12 16 17 20 23 24 25 33 35 36 37 38 40 41 44 47 64 67 68 69 71 73 75 76 77 81 82 
11 5 6 7 10 11 12 19 23 25 29 30 31 34 37 40 41 42 45 47 55 61 64 67 70 71 72 75 79 
293 2 4 7 9 14 17 18 19 21 26 34 36 37 45 46 48 53 58 59 60 63 64 65 66 67 70 
135 1 2 4 5 11 12 14 16 19 20 21 22 30 31 32 33 38 39 41 43 44 46 49 51 53 58 60 62 63 64 65 68 70 71 74 75 78 84 
68 1 2 6 8 12 16 20 22 23 24 27 30 32 34 36 38 40 42 44 47 49 50 53 54 55 56 59 60 62 63 64 65 66 69 70 71 74 79 85 
197 1 2 4 7 8 10 12 13 15 16 17 20 22 23 26 27 30 34 35 36 37 42 43 49 50 52 58 61 62 64 67 69 73 82 83 
42 11 13 14 17 18 19 25 30 31 38 40 42 45 49 50 54 58 59 61 64 68 73 74 81 84 85 
26 3 5 6 13 16 17 22 23 25 28 29 37 38 39 40 46 53 55 57 58 61 64 65 74 75 76 77 82 
218 1 6 7 11 13 17 18 19 21 24 26 27 28 29 35 36 39 49 50 51 54 56 62 64 66 67 70 71 72 75 76 77 83 84 
109 1 6 7 9 14 15 18 19 21 25 32 37 38 40 47 49 50 52 54 57 59 60 61 63 64 67 68 71 74 75 76 79 83 84 
285 1 2 4 5 6 7 11 14 18 22 37 38 44 48 49 53 54 55 56 57 61 64 67 69 71 72 77 85 
22 2 5 6 8 12 14 15 20 21 23 26 28 31 32 39 41 42 43 44 47 48 54 58 59 60 64 65 66 69 71 76 80 82 84 
58 5 7 9 16 19 22 25 27 28 35 36 38 40 42 44 45 46 48 50 51 53 56 58 59 63 64 66 70 73 78 83 85 
282 4 5 9 18 19 22 26 28 38 41 42 45 46 48 54 58 60 62 63 64 65 69 70 71 74 75 85 
23 1 3 10 12 21 22 25 26 27 34 35 36 37 41 43 48 50 51 53 58 63 64 65 66 69 75 76 80 82 83 85 
205 3 6 9 10 15 21 22 30 35 37 40 43 47 48 50 51 56 62 64 67 69 70 71 78 81 
155 2 3 5 9 10 11 13 15 17 18 19 20 29 33 35 36 38 39 43 44 45 47 49 51 54 58 63 64 69 70 82 
11 1 2 4 10 15 17 20 25 32 39 40 41 42 44 45 49 50 52 54 55 61 62 64 67 71 75 76 77 78 80 81 84 
218 1 3 6 7 11 13 17 18 23 25 31 35 39 46 47 50 51 54 56 57 64 65 66 68 72 73 77 80 
264 4 6 8 9 10 11 14 17 30 37 38 40 48 49 50 52 53 56 57 60 61 64 66 69 73 75 80 81 82 
240 3 7 10 11 12 15 16 18 19 28 38 39 40 49 52 57 58 59 62 64 67 68 71 74 82 
179 1 2 3 4 5 6 7 9 10 11 13 14 19 22 26 28 29 30 32 38 39 44 45 48 49 50 52 53 55 58 60 64 65 66 67 69 70 73 74 78 81 83 85 
55 4 5 9 13 14 16 18 19 22 26 28 30 37 38 39 41 42 43 47 50 52 53 55 61 64 65 66 68 73 75 78 84 85 
281 2 3 5 11 12 14 15 16 19 21 23 24 28 29 33 36 38 43 44 48 50 51 54 55 56 59 61 62 63 64 67 68 70 71 75 76 78 79 82 83 
134 5 7 11 14 17 18 20 21 23 24 26 27 30 33 34 35 36 37 40 41 42 46 49 57 58 64 69 70 75 77 82 84 85 
57 1 4 5 7 9 13 17 21 22 25 30 31 32 34 35 36 40 41 42 44 46 47 49 58 60 64 67 69 71 74 77 79 81 84 85 
60 2 5 6 9 10 11 12 14 15 18 20 21 23 26 29 31 33 34 38 39 43 45 48 49 55 56 60 61 62 63 64 66 72 73 75 78 80 81 82 
243 1 6 10 12 13 14 15 17 25 27 28 31 36 38 39 42 44 46 47 50 53 55 58 60 62 64 67 68 69 70 72 77 83 84 
37 3 4 5 6 8 9 11 12 15 18 19 20 25 26 27 31 36 38 39 41 44 47 48 49 52 61 64 65 68 69 70 72 73 74 76 77 78 79 83 84 
257 2 3 9 17 19 25 28 29 30 36 37 40 44 45 46 50 52 56 57 58 60 62 64 67 68 72 73 74 76 79 81 83 
231 6 13 14 17 18 24 25 26 30 31 35 37 39 41 42 43 46 50 51 52 54 55 56 57 59 64 66 68 69 73 74 76 78 79 85 
50 3 8 13 15 16 20 26 27 30 31 35 40 43 47 50 52 53 55 56 60 61 64 67 68 70 71 72 75 77 78 81 
233 4 6 9 12 16 17 21 26 27 32 38 39 41 43 44 48 50 56 60 61 64 66 67 69 73 74 75 80 85 
250 1 3 6 7 8 11 13 14 15 18 23 25 29 30 32 36 39 41 42 45 50 52 53 55 57 58 59 61 64 66 73 78 80 81 82 83 
66 1 2 4 5 7 9 10 13 16 24 25 26 27 28 29 33 35 37 40 42 46 49 52 56 60 61 64 72 79 
12 2 3 4 5 8 9 10 11 17 18 19 20 22 23 24 30 31 33 34 35 38 39 40 42 48 50 54 56 57 58 61 62 64 67 68 69 70 71 72 73 75 79 80 81 82 85 
205 1 12 18 19 20 22 23 26 28 29 31 32 33 35 36 37 41 43 44 45 46 47 49 51 52 58 62 64 66 68 76 77 78 79 82 84 85 
41 5 11 17 22 26 28 29 30 32 37 44 50 57 59 60 61 62 64 66 69 74 75 77 81 84 85 
298 1 3 5 7 9 10 19 23 31 33 34 35 36 42 43 44 45 47 48 50 56 58 63 64 68 72 73 74 77 80 85 
214 2 4 10 12 16 17 18 21 24 26 28 33 35 36 41 45 47 54 58 59 62 63 64 65 66 70 73 76 77 84 85 
14 2 4 6 12 18 20 22 23 24 25 27 30 31 32 37 44 49 53 57 58 60 62 63 64 65 67 70 71 72 73 74 75 83 84 
252 1 2 3 5 11 12 13 15 18 21 24 31 35 36 37 40 41 44 45 47 56 57 63 64 65 66 67 69 71 73 74 76 79 
73 1 5 7 10 12 18 22 24 26 29 32 33 37 40 43 44 45 46 48 49 52 55 57 60 61 62 64 70 73 75 79 81 83 
39 3 4 8 12 13 21 23 24 32 33 34 38 43 44 47 49 51 54 55 56 58 59 60 63 64 65 67 71 79 80 
239 1 2 3 4 5 9 10 16 17 19 20 21 25 26 27 28 30 34 35 38 39 41 43 47 49 50 52 53 54 57 60 62 63 64 67 70 73 74 75 76 82 83 
91 2 7 10 13 16 18 20 23 25 26 34 37 44 47 51 53 57 60 64 65 69 76 79 82 
184 2 3 5 8 9 11 13 16 17 18 23 25 27 33 35 39 40 41 43 45 46 48 51 54 56 57 58 59 63 64 65 68 72 74 76 79 81 82 83 
98 1 4 7 9 11 12 13 15 19 20 21 23 24 31 33 36 37 40 42 45 46 47 48 49 51 56 62 63 64 69 70 71 72 81 82 
68 1 3 7 8 12 17 18 19 22 27 29 31 34 37 40 41 43 49 50 51 53 54 56 58 61 63 64 67 68 69 70 71 73 75 76 79 80 82 84 
289 1 3 7 9 10 16 17 18 23 26 27 28 30 37 40 52 53 54 55 57 58 60 61 62 64 68 70 71 72 73 74 76 77 78 83 85 
237 1 2 3 4 5 6 7 8 9 10 11 12 13 14 15 16 17 18 19 20 21 22 23 24 25 26 27 28 29 30 31 32 33 34 35 36 37 38 39 40 41 42 43 44 45 46 47 48 49 50 51 52 53 54 55 56 57 58 59 60 61 62 63 65 66 67 68 69 70 71 72 73 74 75 76 77 78 79 80 81 82 83 84 85 
200 2 3 16 17 18 21 25 27 28 32 35 36 42 53 54 55 57 59 60 64 66 67 68 72 75 76 78 80 83 
95 2 5 7 8 11 16 18 22 25 26 28 32 33 35 36 40 44 46 47 50 51 53 55 64 65 73 76 79 81 82 
145 4 9 11 14 15 16 19 22 23 24 29 31 34 35 37 39 41 43 45 46 49 54 55 57 58 62 64 65 70 71 73 75 82 83 84 85 
199 4 7 8 12 14 17 20 23 32 34 36 37 41 42 43 44 45 49 50 52 60 62 63 64 65 71 73 83 85 
129 1 2 5 6 8 10 11 13 14 18 19 24 25 27 28 29 30 33 35 38 39 41 42 44 46 49 51 55 59 61 62 64 74 76 78 81 
106 1 6 8 10 15 16 17 18 22 26 27 29 30 35 37 38 41 42 45 49 53 54 56 58 61 62 63 64 67 73 75 79 83 84 85 
197 1 4 5 10 14 15 17 18 22 23 24 25 27 29 31 34 37 39 45 49 54 55 57 61 62 63 64 67 68 72 73 77 78 79 80 81 85 
262 2 5 6 7 8 9 15 22 24 32 40 41 42 43 45 48 49 52 54 60 61 63 64 65 71 73 74 75 76 77 80 81 82 
212 6 10 11 13 14 19 20 26 32 33 35 36 40 42 43 44 46 47 49 52 53 54 55 56 58 62 63 64 66 67 68 70 71 72 78 
278 1 2 4 5 10 11 17 18 20 21 23 27 34 35 39 42 43 44 46 51 52 54 55 58 60 63 64 69 72 76 79 82 83 84 85 
75 3 5 7 10 12 13 14 15 17 21 22 23 27 28 31 33 36 37 38 40 45 46 49 51 54 56 58 62 64 65 67 70 72 76 77 78 
45 2 7 8 11 14 21 22 23 25 28 31 37 42 43 44 50 53 55 58 59 60 62 63 64 65 66 69 72 74 75 77 78 79 80 81 
280 3 4 5 14 21 22 24 31 32 38 39 41 42 45 50 51 52 53 63 64 71 72 75 76 80 82 84 
154 7 8 11 17 26 29 31 35 36 37 40 42 44 45 47 50 63 64 65 69 71 73 75 76 79 80 81 82 
23 6 9 13 15 18 23 37 39 42 43 44 48 49 50 55 56 57 59 60 62 64 66 70 71 74 76 78 82 
92 4 6 7 10 11 12 13 25 28 31 32 33 40 46 47 49 52 57 62 64 65 71 72 76 77 78 82 84 85 
284 2 6 14 20 29 31 33 35 39 40 43 45 47 49 51 56 60 61 64 66 69 71 72 76 78 82 84 85 
214 1 3 13 14 19 21 25 28 30 33 34 37 38 40 47 49 50 58 59 60 61 62 64 66 67 72 74 77 78 79 80 81 83 
133 7 10 12 19 22 23 26 28 35 37 41 42 43 47 54 56 58 60 63 64 65 67 68 70 74 82 84 85 
192 1 2 4 6 8 11 12 17 20 22 23 25 31 36 38 39 41 42 50 51 53 54 62 64 67 70 74 77 80 81 83 
262 2 4 5 10 18 20 24 26 27 28 35 36 38 39 44 46 49 50 51 52 53 63 64 67 68 70 71 74 80 81 83 
090
118 2 4 5 6 7 8 9 14 16 17 23 25 31 32 33 34 44 46 47 50 51 58 59 61 64 65 67 69 71 82 83 85 89 
134 1 5 6 7 11 12 13 14 17 22 24 26 27 29 32 37 40 44 45 47 48 50 51 54 55 58 59 63 67 68 70 74 75 76 78 83 87 90 
91 9 11 17 18 23 27 28 30 31 32 33 35 39 42 43 47 48 52 54 57 58 67 68 71 74 76 78 82 83 84 88 
149 1 9 10 13 16 17 21 25 26 32 33 35 40 46 47 49 50 51 52 53 54 55 58 63 65 71 73 74 78 81 82 83 87 88 89 90 
234 1 2 6 7 8 14 16 21 22 24 26 29 30 33 34 36 39 41 42 46 47 50 54 56 57 59 62 65 67 68 70 73 74 78 80 85 86 89 90 
188 1 2 5 7 10 13 16 17 19 21 26 28 32 33 35 38 46 47 51 52 53 56 61 62 65 68 69 72 73 74 82 84 85 90 
174 1 2 5 6 8 10 12 15 18 22 25 31 32 37 39 41 43 45 47 48 49 56 64 68 69 70 71 73 77 78 79 82 84 87 88 90 
161 1 5 7 9 11 12 13 21 25 28 35 40 41 43 47 48 56 58 59 62 66 68 69 70 72 73 74 76 78 80 81 86 87 88 89 
66 1 3 4 8 10 13 14 16 17 19 25 29 31 36 39 43 44 45 47 48 51 53 57 58 59 60 61 67 68 69 70 74 75 84 85 87 
264 4 6 7 9 11 12 13 16 18 20 23 29 30 35 38 39 41 43 44 47 48 52 55 56 57 58 60 61 62 64 67 68 69 72 73 75 77 78 79 81 83 87 88 
278 2 3 8 10 17 18 19 21 26 31 38 39 41 43 45 46 47 57 58 59 62 63 64 66 75 79 81 82 83 84 87 89 90 
213 2 7 8 10 16 19 23 24 26 27 29 32 34 41 45 47 48 49 50 51 56 58 61 64 66 67 70 72 75 76 82 84 
19 2 4 6 8 9 10 14 18 20 22 33 38 46 47 48 51 52 53 54 58 59 61 64 65 68 69 72 77 79 81 83 85 87 88 89 
185 1 2 5 9 13 15 19 23 26 27 28 31 38 39 40 42 44 46 47 49 52 53 55 59 60 63 64 71 72 73 75 76 77 80 81 84 88 90 
288 7 14 16 28 33 35 36 37 40 44 46 47 50 53 58 59 62 66 67 74 80 81 85 87 88 89 
279 1 4 5 6 9 10 12 15 20 24 26 28 30 33 39 47 49 53 54 55 56 58 61 63 71 72 76 80 82 83 85 86 87 89 90 
281 1 2 3 4 6 9 11 22 23 24 25 27 28 30 32 34 35 38 41 42 44 46 47 52 55 56 58 59 60 62 70 74 77 78 81 82 83 90 
292 3 7 10 11 13 23 25 26 29 30 31 35 36 37 40 42 44 47 48 49 52 54 56 60 61 62 63 64 66 70 73 77 78 81 83 85 87 88 
212 6 9 11 12 14 20 21 22 23 26 27 28 30 32 35 38 39 44 45 46 47 48 51 52 56 59 60 63 64 65 69 70 71 72 73 74 78 79 80 86 87 
156 10 13 16 19 21 22 23 29 31 34 41 44 47 48 58 60 61 67 70 75 77 78 79 80 81 82 83 85 86 88 
210 4 5 6 8 11 19 20 22 23 24 25 26 31 32 33 34 35 37 38 43 47 49 50 52 53 55 57 58 61 64 69 70 72 73 78 79 80 81 86 89 90 
29 2 5 7 13 17 19 20 21 25 26 28 32 34 41 43 45 46 47 48 51 53 55 56 58 59 62 66 67 68 69 72 76 79 85 89 90 
57 1 3 10 12 14 17 18 19 20 21 24 27 30 31 33 34 35 37 40 47 48 49 50 51 53 55 56 58 61 66 69 73 75 76 83 85 86 88 89 90 
61 2 5 12 16 17 21 23 27 29 30 31 32 33 36 40 44 47 49 50 51 53 55 56 58 59 60 61 64 65 68 70 71 74 77 78 82 88 89 90 
286 1 4 7 8 9 17 18 21 22 32 33 35 39 40 41 42 44 47 48 49 51 55 56 58 59 60 61 63 64 68 70 71 74 75 78 79 81 87 88 
166 2 4 5 6 11 12 14 16 18 19 21 22 30 33 40 41 42 47 49 52 56 61 62 64 66 69 70 73 76 82 83 84 85 86 88 89 
120 2 3 12 14 17 19 23 24 30 32 34 37 39 42 44 47 52 59 60 64 68 69 71 75 82 84 90 
68 3 6 8 14 15 16 17 19 22 33 34 36 41 44 47 50 53 59 60 62 63 66 71 74 76 77 82 84 
271 2 5 9 10 12 18 20 24 34 36 37 43 45 47 49 55 57 59 66 69 73 76 79 81 85 88 89 
123 3 5 10 16 17 18 19 23 24 26 27 31 34 36 38 45 47 48 49 53 54 57 59 64 74 75 76 81 82 84 85 87 88 
298 1 3 7 9 11 14 18 20 21 23 24 30 34 35 38 39 41 45 47 48 50 51 61 62 71 74 79 81 83 89 
170 1 2 3 4 6 7 12 17 19 21 22 24 25 27 34 38 40 44 47 50 51 55 56 58 69 73 74 75 76 77 78 79 84 86 87 
67 1 3 4 5 6 13 15 16 21 23 24 25 26 28 42 44 45 47 53 56 57 58 60 61 63 69 71 74 77 78 81 84 85 88 89 90 
152 1 5 12 17 20 21 22 23 27 28 29 30 31 32 36 42 43 46 47 48 49 51 54 55 56 57 58 60 61 62 65 67 70 74 80 84 87 
42 3 4 6 8 10 15 17 18 19 21 23 25 31 37 38 39 40 44 45 47 48 50 55 58 59 61 65 66 67 68 71 77 78 80 
162 5 9 15 18 24 28 29 30 34 37 39 42 43 44 46 47 58 60 61 63 67 71 78 79 80 83 85 87 89 90 
66 2 7 15 18 21 23 27 29 35 36 38 40 41 42 43 46 47 48 49 55 56 68 71 73 75 76 82 84 85 86 87 
164 6 10 11 13 14 17 19 21 30 31 32 35 37 41 42 46 47 49 50 53 56 57 58 60 61 69 74 77 79 80 82 83 84 89 90 
45 3 5 7 9 10 11 14 16 19 25 27 31 35 36 41 43 45 46 47 48 49 53 54 57 61 62 64 65 67 69 76 77 81 84 87 89 90 
291 2 4 8 14 15 18 23 24 25 26 32 35 37 42 44 45 47 48 49 55 58 59 61 65 66 72 73 76 80 86 90 
187 5 7 8 10 11 12 17 20 22 25 26 28 31 37 38 39 42 46 47 52 54 57 60 61 70 77 84 86 87 
247 3 5 14 17 18 25 26 27 33 34 36 37 38 40 41 43 45 46 47 48 54 59 63 69 75 78 81 82 83 84 88 
227 3 7 8 9 10 11 21 22 29 34 36 37 39 42 44 46 47 49 51 53 55 56 60 61 64 69 75 81 85 86 88 90 
52 1 2 9 10 14 15 17 18 19 20 24 25 27 28 32 33 35 36 40 43 47 51 54 55 56 57 59 61 62 63 68 71 72 73 74 76 78 81 82 84 85 88 
196 2 7 9 11 12 19 22 29 30 31 33 35 39 40 42 46 47 50 51 53 54 59 61 62 64 66 67 68 69 70 71 73 74 75 76 78 79 81 84 85 88 90 
252 1 4 5 6 11 13 14 15 17 19 22 34 36 37 38 39 41 42 43 45 47 50 52 53 58 59 65 67 71 74 76 79 80 83 87 88 90 
272 1 2 3 4 5 6 7 8 9 10 11 12 13 14 15 16 17 18 19 20 21 22 23 24 25 26 27 28 29 30 31 32 33 34 35 36 37 38 39 40 41 42 43 44 45 46 48 49 50 51 52 53 54 55 56 57 58 59 60 61 62 63 64 65 66 67 68 69 70 71 72 73 74 75 76 77 78 79 80 81 82 83 84 85 86 87 88 89 90 
261 2 3 7 8 9 10 12 13 18 19 20 22 23 25 30 31 34 35 37 39 40 42 47 51 53 54 58 59 61 62 63 64 67 69 72 75 76 78 79 81 82 83 85 86 90 
205 4 7 12 14 16 18 21 23 24 25 26 29 30 34 37 38 39 40 43 47 52 56 57 58 60 61 66 71 73 76 77 82 84 87 
253 1 2 4 5 12 15 21 23 24 28 31 32 35 38 45 46 47 57 59 66 72 74 75 76 78 79 82 85 86 88 
101 1 2 4 6 9 12 13 19 22 23 24 25 31 32 34 43 44 45 47 48 56 57 58 59 66 71 73 80 82 
200 3 4 6 10 13 14 17 18 19 21 26 27 41 46 47 49 53 54 57 58 61 64 68 69 70 74 75 80 83 85 90 
208 4 6 9 13 14 15 16 21 22 23 24 28 30 33 38 39 43 45 46 47 48 52 62 70 80 82 85 86 87 
254 2 3 4 5 13 16 18 30 34 39 41 42 44 45 47 48 52 56 58 59 63 64 65 66 67 69 72 75 83 85 86 87 89 
120 2 4 10 14 16 17 21 22 23 24 25 29 32 34 35 37 40 43 44 47 56 58 59 60 62 63 69 70 71 73 75 78 87 88 89 
40 5 6 7 8 10 12 16 17 18 19 22 23 24 25 26 32 33 34 37 38 43 44 47 49 51 54 55 57 58 61 62 63 64 67 68 72 76 78 80 85 88 
204 3 5 9 10 11 21 29 30 33 34 38 39 41 44 47 49 50 51 52 56 61 62 66 70 71 72 74 82 84 89 
68 1 2 3 4 8 9 10 11 12 13 15 16 17 20 21 22 23 24 25 32 33 34 35 36 38 40 46 47 48 49 51 52 54 55 56 59 61 62 67 73 77 83 87 
64 1 2 5 8 9 11 13 14 15 17 19 22 24 25 27 28 29 30 35 40 42 44 45 46 47 48 50 51 54 55 58 60 61 62 66 73 74 76 86 89 
50 9 10 14 17 18 19 20 24 25 27 28 33 34 36 38 41 43 47 49 55 59 61 62 66 67 70 77 79 81 84 85 
99 1 6 9 10 12 13 16 18 20 21 23 24 25 26 31 33 34 35 36 38 39 40 41 43 44 45 47 48 49 52 56 57 58 59 60 64 69 77 79 80 86 89 90 
208 5 6 8 10 11 15 17 18 22 26 28 31 34 39 44 45 47 48 53 55 56 57 58 59 60 63 70 72 76 82 83 87 89 
39 2 4 11 14 16 18 19 25 28 33 36 42 44 47 48 54 55 56 62 65 66 68 70 71 76 77 79 80 84 85 89 
291 1 7 10 11 12 13 14 18 19 21 24 25 26 27 30 39 43 45 47 48 52 54 56 61 65 66 71 74 78 82 83 86 88 89 
163 1 4 5 6 13 19 24 34 35 39 40 46 47 54 63 64 67 76 81 89 
119 8 11 12 15 18 22 23 26 28 29 35 40 45 47 49 50 51 54 57 59 60 63 64 69 72 76 84 89 
263 1 2 3 5 9 10 12 15 20 22 34 35 36 39 45 46 47 48 54 56 58 60 65 70 72 75 76 77 78 79 82 83 85 86 88 90 
158 2 3 5 6 7 8 9 10 13 22 24 25 27 35 37 44 45 47 52 56 63 69 70 72 73 76 78 85 86 87 
161 1 6 7 8 9 10 13 19 21 22 23 26 27 29 32 33 38 39 42 43 45 47 48 52 54 55 61 66 68 73 74 75 76 79 80 83 85 
273 2 5 7 8 9 12 17 18 19 20 21 24 25 26 34 41 45 47 52 53 55 57 60 62 63 67 68 73 74 76 81 83 87 89 90 
263 1 3 4 7 14 16 19 24 25 27 28 31 33 35 36 37 44 45 46 47 49 51 55 57 63 64 75 76 79 80 90 
233 6 8 10 12 13 14 16 19 21 22 40 44 47 48 50 54 56 57 62 66 67 68 76 78 80 82 83 
77 4 5 6 7 8 10 14 18 19 21 23 26 29 32 37 40 44 45 47 49 51 55 58 59 68 69 70 76 79 81 84 88 89 
183 2 3 4 5 6 8 9 15 17 19 24 25 28 30 31 32 33 34 38 44 45 46 47 50 52 57 59 64 69 70 78 79 81 82 83 86 88 89 
157 2 9 10 11 12 14 20 23 25 27 30 32 37 42 43 45 47 48 50 52 54 55 67 69 71 77 78 79 81 84 85 86 90 
82 2 3 8 12 14 16 22 23 26 28 29 30 32 37 39 40 44 45 46 47 48 49 50 56 59 62 63 65 66 67 68 69 70 71 72 73 78 83 84 86 89 
103 7 10 13 14 17 18 20 24 28 32 33 35 38 39 41 47 49 58 60 61 63 67 75 79 80 81 82 84 86 90 
245 2 3 4 5 7 8 10 17 18 19 20 21 24 25 32 33 35 36 42 44 45 47 48 50 55 56 64 67 68 72 74 75 76 79 82 85 89 90 
195 7 10 11 13 19 20 21 22 25 29 31 32 36 38 45 46 47 48 50 60 61 63 67 69 71 73 74 75 77 78 82 85 
194 5 8 14 15 16 19 20 21 34 35 36 38 40 46 47 51 52 53 56 61 63 69 71 72 77 84 85 88 90 
63 4 8 10 11 13 14 15 17 18 20 21 25 29 30 31 33 39 42 43 44 45 47 48 60 65 70 73 74 75 77 82 86 89 90 
137 1 3 4 6 7 11 12 16 17 20 24 26 27 28 30 37 38 42 44 47 48 49 50 51 53 57 62 64 67 72 74 77 78 79 81 85 86 87 90 
146 1 2 3 4 10 11 13 16 17 18 20 23 26 31 36 38 42 46 47 48 52 54 58 62 64 67 69 70 72 74 76 86 88 
84 3 6 7 9 11 12 14 26 27 28 30 32 33 34 37 38 39 41 42 44 45 47 49 57 60 63 66 73 75 76 77 80 88 90 
178 1 5 6 9 13 15 16 18 20 22 23 26 29 30 33 36 37 43 44 45 47 48 50 52 53 54 56 60 63 67 68 69 75 78 79 80 82 89 90 
209 5 8 16 19 20 21 23 26 32 37 40 41 43 47 48 50 53 54 59 61 64 67 68 74 75 76 77 81 82 83 87 
290 2 4 7 8 9 10 11 13 15 16 18 19 25 30 32 34 36 37 39 41 46 47 49 53 54 55 58 62 68 70 82 86 
139 3 4 7 8 10 13 14 15 18 20 23 24 25 26 29 30 33 42 43 44 45 46 47 50 55 56 64 67 73 74 80 83 84 
29 1 4 5 8 11 13 15 16 21 22 23 24 26 29 31 33 36 38 39 47 54 55 57 59 61 62 63 64 65 66 70 73 74 76 78 81 85 
182 2 4 5 6 7 11 14 16 17 21 22 23 24 27 33 36 38 39 40 43 45 46 47 48 52 61 67 70 71 75 77 78 80 81 82 84 85 
095
224 2 5 9 13 16 18 21 27 31 32 34 35 45 46 47 50 51 53 55 57 61 64 66 71 72 75 79 80 83 85 90 92 95 
230 1 4 10 16 21 28 32 36 37 42 45 46 50 53 54 60 63 65 66 68 70 71 72 77 80 81 86 87 91 93 94 95 
27 8 9 11 12 15 18 20 22 23 27 28 32 33 34 39 40 41 42 47 49 51 53 57 59 61 65 71 72 74 77 78 80 82 83 85 88 89 90 
72 2 9 12 14 21 22 24 27 28 31 32 33 35 39 41 46 49 51 54 55 57 59 60 66 68 69 71 72 73 74 75 76 77 86 88 89 
54 1 6 7 13 17 20 21 30 34 35 38 44 45 46 49 50 51 53 54 56 57 58 62 69 71 72 77 81 85 90 91 94 
102 5 9 10 11 13 15 19 21 22 29 41 47 48 50 52 57 58 59 62 68 69 71 72 73 74 77 83 85 86 88 95 
143 5 9 10 15 16 17 19 23 30 33 34 36 38 40 41 42 43 47 48 50 53 55 56 58 61 62 63 64 65 71 72 75 78 81 82 83 86 87 90 93 94 
274 3 9 10 11 13 18 23 25 26 28 31 33 35 38 41 42 43 45 48 49 51 52 53 61 62 65 66 71 78 80 81 82 84 86 92 
94 1 3 4 6 7 8 13 16 18 19 24 27 30 31 38 39 40 45 47 48 51 52 56 57 59 65 66 68 69 71 72 73 74 75 81 86 87 89 91 93 94 
12 2 6 7 8 12 15 17 19 20 23 24 26 27 28 31 34 35 38 39 40 42 43 46 47 49 52 54 55 56 59 60 62 63 65 70 71 72 74 75 77 79 81 83 86 87 89 90 91 92 
18 3 6 8 17 18 19 23 26 27 28 30 32 33 34 36 37 39 46 48 51 52 57 58 61 62 65 67 68 70 71 72 76 77 81 86 87 88 89 92 95 
205 3 4 10 13 14 16 19 24 26 27 28 30 33 34 35 38 41 43 57 59 61 67 70 71 74 75 86 89 91 93 95 
26 1 5 6 8 9 12 14 19 20 23 27 30 31 34 35 36 40 43 51 55 56 57 61 62 64 65 66 67 70 71 74 76 78 79 80 81 83 84 85 88 89 90 95 
85 4 12 13 20 21 24 30 32 34 42 44 45 47 49 52 55 56 58 60 62 66 67 71 73 74 75 80 84 85 86 88 89 90 91 95 
264 3 6 7 10 16 17 24 29 31 33 35 40 48 51 52 55 71 72 73 74 78 86 94 
223 1 2 7 9 12 15 17 19 20 21 27 28 29 32 33 34 35 37 46 48 49 52 56 61 63 64 66 67 69 70 71 74 75 76 77 78 81 85 88 
200 5 7 10 11 15 16 18 19 21 24 25 27 28 30 32 36 39 40 41 43 44 52 53 54 55 59 63 64 65 67 71 75 76 78 84 86 88 91 93 95 
270 1 3 8 9 11 17 20 22 24 25 26 37 42 43 44 47 55 58 62 64 70 71 76 77 78 79 84 85 90 92 
89 6 7 9 10 11 12 13 16 17 20 21 22 28 32 34 38 39 44 45 48 57 64 69 71 73 78 79 81 88 90 93 94 
251 3 5 10 13 14 16 18 19 31 34 37 38 39 40 42 43 45 46 56 59 64 65 66 69 70 71 77 79 82 84 85 88 89 91 93 95 
31 1 2 4 5 6 14 16 17 19 24 25 29 32 34 37 38 42 43 47 48 54 69 70 71 75 76 79 80 82 84 86 87 94 
99 3 4 6 18 19 25 27 29 38 39 40 42 44 45 47 48 49 50 52 53 54 55 56 57 58 65 68 70 71 72 75 76 79 80 81 84 85 90 91 93 94 
44 3 7 8 10 11 13 25 28 34 38 39 41 42 43 44 45 50 55 58 61 64 70 71 74 75 76 79 81 82 83 84 87 88 91 95 
230 4 9 10 12 14 15 17 18 21 25 26 34 35 38 40 44 45 49 54 55 56 57 58 65 67 71 73 78 80 82 83 84 85 86 93 94 95 
208 8 17 18 21 22 23 24 27 28 30 34 41 42 44 46 49 50 51 53 55 56 57 60 61 63 64 69 70 71 73 76 77 79 80 86 87 
288 8 10 11 12 18 24 28 29 32 36 37 38 40 42 46 47 48 52 58 59 61 62 71 75 76 77 81 82 84 85 87 88 89 
215 1 3 4 9 10 11 12 13 16 17 22 25 29 30 36 38 40 43 46 47 49 50 52 53 54 60 65 66 68 69 71 75 78 80 82 86 94 95 
176 2 3 4 8 10 11 12 16 17 19 23 25 26 29 30 31 35 36 41 42 43 45 46 54 56 57 59 64 66 67 69 71 73 74 75 76 77 80 86 87 88 90 91 
213 6 15 16 21 22 26 27 28 37 39 40 42 46 54 60 61 62 63 69 70 71 73 76 77 78 79 82 86 90 93 94 
195 5 7 9 11 12 13 14 17 25 27 28 31 33 35 40 42 44 45 52 67 68 71 73 74 78 80 84 90 91 93 95 
149 1 4 8 9 10 13 15 20 28 30 33 36 40 47 48 50 52 53 57 58 59 64 66 69 71 74 75 76 81 86 88 93 95 
207 1 2 3 4 11 14 16 17 19 21 26 35 37 38 39 41 45 46 48 49 54 56 59 62 63 66 69 71 75 79 81 83 84 88 91 94 
235 3 4 7 8 11 12 15 16 30 31 38 42 43 44 46 50 52 59 60 61 63 65 66 71 72 77 78 80 81 83 84 89 93 95 
248 1 3 5 7 10 11 12 13 14 16 19 20 21 23 24 25 37 39 41 43 44 52 53 55 61 63 64 65 66 67 68 69 71 72 74 76 77 80 83 84 85 89 90 91 92 95 
161 1 4 5 8 10 12 13 15 16 24 28 30 32 37 42 43 47 48 53 54 55 59 60 64 65 68 70 71 73 75 83 89 90 93 
165 2 7 11 13 17 26 27 28 31 40 44 45 46 47 49 50 51 52 54 55 59 60 64 68 69 70 71 72 80 83 86 89 93 94 
285 2 11 16 18 20 21 26 29 32 34 35 42 43 54 55 56 57 59 60 67 69 70 71 72 73 75 77 78 80 83 84 88 89 
79 5 7 8 9 10 12 19 20 21 22 23 24 26 27 32 33 41 43 50 57 58 59 61 62 63 64 69 71 73 74 75 81 82 83 84 86 87 89 90 94 
192 3 4 9 10 11 17 19 20 22 23 29 32 34 41 44 51 52 54 55 57 59 60 65 71 74 79 84 91 92 
273 3 7 9 10 13 15 17 20 22 24 26 27 29 30 31 36 41 45 46 51 53 54 55 63 64 66 67 68 69 70 71 75 80 82 83 84 85 87 89 90 91 
158 3 4 6 7 8 12 17 23 25 28 32 34 38 39 40 44 45 46 49 50 51 54 55 61 62 63 67 68 71 76 77 85 88 89 94 
25 2 3 7 8 10 14 18 20 21 22 23 25 26 28 29 30 33 35 37 48 49 53 58 65 66 68 71 73 76 77 78 81 84 87 88 89 94 
147 7 8 10 12 13 17 18 20 21 23 27 28 33 34 35 37 38 44 46 47 50 52 61 62 66 67 69 71 72 73 74 76 77 80 83 84 85 87 88 91 92 93 94 
293 5 14 17 18 19 22 23 24 25 30 33 34 36 39 41 43 48 52 55 56 57 61 64 67 71 74 75 78 80 85 86 89 90 92 
236 1 2 5 8 9 14 19 20 22 23 24 28 30 32 36 40 41 48 50 53 54 58 59 62 63 64 67 68 69 70 71 74 79 83 85 87 88 89 90 92 94 
196 1 2 4 5 10 11 16 20 25 26 27 28 29 32 33 36 40 41 43 47 50 51 52 59 62 63 64 67 69 70 71 72 73 77 78 80 81 82 83 88 89 91 95 
272 1 3 6 7 9 10 14 18 21 22 26 27 31 35 36 43 46 58 59 60 61 66 71 73 74 75 77 79 80 91 95 
25 6 7 8 9 11 15 16 19 21 22 26 31 32 35 42 44 45 49 54 56 59 60 64 66 67 71 72 73 75 78 80 81 82 84 87 88 89 93 94 
173 3 4 5 8 10 14 16 22 24 25 27 32 36 41 42 48 52 53 54 55 57 58 61 62 66 70 71 78 79 81 82 88 92 95 
122 1 2 5 6 7 22 23 25 27 31 33 36 38 41 43 45 46 51 52 55 57 58 61 62 65 66 68 71 73 74 76 77 78 79 80 81 82 84 86 88 93 95 
237 1 3 4 5 8 9 11 13 15 25 36 39 40 41 46 50 53 57 58 59 61 62 68 70 71 72 73 74 78 81 83 84 86 88 89 91 93 95 
294 6 8 9 10 11 14 15 16 17 22 26 27 30 31 33 34 36 39 43 44 46 49 50 54 59 60 62 63 66 69 71 74 75 76 78 81 85 89 92 
88 1 2 3 5 7 8 17 22 25 27 31 34 35 40 42 45 49 51 54 55 58 59 65 68 69 70 71 73 76 78 79 82 88 89 91 92 93 
178 2 4 5 10 17 21 22 24 27 28 29 32 35 36 37 39 40 41 45 48 49 52 53 60 62 63 64 66 70 71 73 75 76 80 83 84 87 88 89 95 
259 1 4 7 10 13 14 15 17 18 22 23 24 25 34 35 36 37 39 40 41 44 49 50 53 57 58 59 60 61 62 67 68 69 71 72 73 74 78 89 93 
237 5 7 9 10 13 14 16 20 22 24 25 28 32 37 44 48 59 60 61 64 71 72 75 80 81 87 
259 1 3 4 5 6 9 11 12 13 19 22 24 25 28 31 37 38 39 44 49 50 51 55 59 63 64 65 68 71 74 78 80 81 84 85 89 90 92 93 94 
286 5 6 7 11 14 18 22 23 24 26 31 38 42 45 47 49 50 51 53 55 63 66 70 71 73 74 75 77 78 81 83 88 90 92 93 94 
288 3 4 6 9 10 12 17 20 26 28 31 32 33 35 36 37 38 39 45 46 47 48 51 52 53 55 56 57 60 61 63 65 67 69 71 72 73 74 77 79 80 81 88 
200 2 4 10 14 25 27 29 33 35 36 37 39 47 48 52 54 55 56 59 62 63 65 69 71 75 82 83 84 87 89 93 94 95 
173 1 3 7 8 11 12 13 16 23 25 26 29 33 34 38 41 43 44 47 49 50 51 55 56 59 62 64 66 67 71 73 74 77 78 82 85 87 88 90 91 92 94 
72 5 6 7 8 10 11 13 14 18 26 29 32 38 41 43 45 46 49 50 51 52 54 55 60 61 68 71 73 75 77 79 80 81 83 85 87 89 91 92 
185 2 7 10 16 17 25 29 32 33 34 38 40 41 45 46 52 54 57 58 59 60 66 67 68 71 72 76 78 82 86 87 
238 1 7 13 16 17 18 19 20 23 25 28 31 34 35 36 38 40 44 45 46 48 54 56 57 61 71 72 73 77 78 81 83 84 85 86 87 88 89 91 95 
56 2 3 7 8 9 10 11 13 17 20 22 24 27 33 34 35 39 42 50 53 57 59 60 69 71 72 73 76 80 86 87 94 
90 1 2 4 8 9 13 14 16 20 27 28 31 32 33 34 40 42 43 47 48 49 50 52 54 58 61 63 68 69 70 71 72 77 78 81 83 84 86 88 89 91 94 
122 11 12 13 14 16 17 24 28 30 34 37 40 41 43 44 45 46 48 55 59 61 63 70 71 73 75 76 81 84 85 87 88 92 
53 2 4 6 9 11 22 27 30 34 35 36 40 41 42 45 50 51 53 55 57 62 63 66 71 73 75 81 82 84 85 88 92 95 
267 4 5 6 9 16 19 20 21 25 27 28 29 31 32 34 36 37 38 40 43 45 46 52 53 55 59 60 65 66 71 76 83 86 90 91 95 
284 2 10 11 12 13 16 18 20 21 22 23 25 29 35 36 37 40 45 46 49 51 53 54 58 66 67 71 74 77 78 79 82 85 86 88 94 95 
262 1 2 3 4 5 6 7 8 9 10 11 12 13 14 15 16 17 18 19 20 21 22 23 24 25 26 27 28 29 30 31 32 33 34 35 36 37 38 39 40 41 42 43 44 45 46 47 48 49 50 51 52 53 54 55 56 57 58 59 60 61 62 63 64 65 66 67 68 69 70 72 73 74 75 76 77 78 79 80 81 82 83 84 85 86 87 88 89 90 91 92 93 94 95 
270 1 2 3 4 5 6 7 9 10 11 15 22 33 34 36 37 43 46 48 51 55 56 59 63 64 65 66 71 74 75 78 80 82 83 92 93 
128 4 6 9 14 15 19 24 25 28 29 30 35 37 38 42 43 46 47 48 50 51 53 54 55 58 59 61 62 64 65 67 68 71 77 81 84 85 88 92 93 94 
55 3 4 6 9 10 12 13 14 15 16 23 28 30 31 34 38 39 43 44 45 47 50 51 52 55 57 58 59 61 70 71 72 76 79 83 84 85 91 94 
188 1 4 7 9 10 12 14 16 17 21 22 23 26 27 28 31 32 35 37 38 40 44 47 48 52 54 56 58 60 62 67 68 71 72 76 77 78 81 86 93 95 
202 4 11 13 16 17 18 21 22 23 25 26 28 29 31 34 41 42 43 50 52 53 54 63 65 67 69 71 74 75 77 78 80 83 85 87 88 89 90 92 93 
65 2 3 4 5 6 10 11 16 18 20 25 26 28 29 33 34 37 41 42 43 46 47 50 58 59 61 62 64 66 70 71 73 75 76 78 81 84 90 93 
280 3 7 8 13 15 16 17 18 19 24 27 29 30 33 37 42 44 46 48 49 50 51 52 53 55 57 58 61 63 64 66 70 71 72 75 76 77 87 88 90 95 
248 1 10 13 18 19 20 21 22 23 25 29 32 39 45 47 49 50 53 59 62 70 71 74 84 85 86 88 90 92 
184 1 2 3 8 13 14 21 22 24 25 27 28 30 33 34 36 37 40 43 44 46 47 48 50 54 56 57 59 62 65 71 72 76 81 86 88 91 93 95 
176 2 5 7 8 9 10 11 13 16 19 22 23 26 31 32 33 38 42 46 48 49 50 51 52 56 57 58 59 62 64 66 67 68 71 73 75 77 80 82 84 85 88 90 92 93 95 
217 3 7 8 20 21 23 24 26 27 29 38 40 46 48 49 50 53 60 61 63 68 70 71 72 81 83 84 87 89 91 93 95 
173 1 3 6 7 10 13 23 24 32 33 34 35 36 37 38 40 43 45 46 51 54 58 60 62 64 66 69 71 72 74 76 82 84 85 88 91 92 93 
248 8 13 14 17 18 20 21 22 23 24 26 30 32 33 34 37 38 39 40 42 43 48 50 51 54 57 60 64 66 67 68 71 73 74 77 79 81 82 83 87 91 93 
58 1 3 5 6 13 14 16 18 20 22 24 26 34 40 41 43 44 45 52 57 61 62 64 67 68 70 71 73 74 76 79 81 83 86 89 91 92 94 
242 2 4 6 7 8 9 10 11 12 14 15 17 21 24 25 27 28 29 31 36 38 44 50 51 63 64 65 66 69 70 71 75 79 80 85 90 91 93 
12 2 7 9 10 11 21 23 25 26 28 38 40 42 43 45 48 54 56 60 61 62 63 64 65 67 71 76 78 82 84 88 94 
128 3 4 6 11 13 14 16 17 19 20 23 26 28 31 32 37 41 42 43 45 46 48 49 50 51 53 54 58 59 61 64 66 67 68 70 71 73 76 78 79 80 81 83 87 91 92 93 
263 3 4 9 10 11 12 13 14 20 26 33 34 35 36 37 38 40 41 42 44 45 46 48 51 52 53 54 55 57 60 62 64 66 71 76 82 85 
63 1 3 5 7 10 13 14 18 19 22 28 29 30 34 35 38 40 44 45 57 58 61 69 71 76 77 78 79 81 86 92 93 95 
37 2 5 9 10 12 14 17 20 22 23 28 30 32 34 39 40 43 46 47 51 53 61 62 64 66 69 71 74 80 82 83 84 85 86 88 92 94 
16 1 8 10 11 18 34 39 43 44 45 49 52 53 57 58 61 62 67 68 71 72 73 76 79 81 83 85 88 90 91 
207 2 7 9 12 17 19 20 22 24 29 30 31 33 35 36 43 48 50 51 53 55 57 58 60 71 72 73 75 76 77 80 81 82 83 84 86 88 90 95 
75 2 5 7 9 15 19 21 22 24 27 29 32 36 38 41 42 43 45 48 57 58 60 61 65 66 70 71 73 74 85 87 91 95 
19 1 2 6 11 12 13 14 17 20 23 24 27 30 31 33 34 46 47 49 50 51 54 60 64 68 69 70 71 75 78 80 81 82 90 93 94 
0100
162 2 4 5 6 9 10 12 17 18 19 20 22 28 29 33 34 38 41 47 49 50 57 59 66 67 68 69 70 72 75 76 77 79 80 88 90 91 94 98 
249 1 8 9 12 20 23 26 28 30 33 38 39 41 42 46 51 52 56 57 66 67 73 75 77 81 83 86 88 89 90 92 93 97 98 100 
193 5 9 10 12 15 16 17 23 28 30 32 33 35 38 40 41 43 44 45 46 48 55 58 59 65 66 67 70 76 77 82 83 87 90 92 98 
167 1 8 9 12 14 17 20 23 26 38 41 44 47 50 53 55 56 57 58 59 60 63 65 66 68 76 77 80 83 89 90 97 98 
41 1 3 8 10 14 21 27 31 32 33 34 36 37 38 49 60 64 65 66 67 70 76 78 82 83 85 87 89 90 92 93 94 96 97 98 99 
68 1 7 9 12 13 18 19 21 23 25 27 28 30 33 35 39 40 44 45 51 60 62 64 66 67 69 71 72 73 77 79 81 82 85 87 88 89 90 92 93 94 99 
87 6 14 16 19 20 21 22 23 27 36 37 44 49 60 62 63 65 66 67 69 77 81 82 85 87 90 91 93 97 99 
31 2 4 5 10 12 15 18 22 23 29 34 35 36 37 44 46 47 49 50 57 60 63 66 67 73 76 78 79 80 83 86 88 90 91 94 95 96 
146 1 2 3 4 6 10 13 15 18 19 21 22 24 25 29 30 31 33 34 35 36 39 40 45 55 56 58 59 64 65 68 69 75 79 81 83 86 90 93 94 99 100 
92 1 3 5 8 9 13 14 19 24 26 29 30 34 36 37 39 40 43 45 48 51 53 55 57 60 61 66 67 73 74 75 76 77 81 82 88 90 91 94 97 98 
244 12 14 17 20 24 25 26 27 28 30 31 33 36 37 41 44 45 46 51 55 57 59 61 62 66 71 72 73 75 77 79 85 86 89 90 93 94 96 98 100 
173 1 2 3 4 6 8 11 13 14 17 20 24 26 27 29 30 34 37 40 42 43 45 48 52 56 61 63 64 67 69 73 74 76 78 83 84 86 87 88 90 91 92 95 96 
14 6 9 10 12 14 16 22 26 28 29 36 38 42 44 50 51 52 53 56 58 61 63 64 65 66 67 71 72 73 74 76 78 80 85 87 90 94 95 97 100 
203 4 5 7 10 11 12 13 16 17 19 20 23 25 29 30 31 35 38 40 44 46 49 50 51 52 53 55 61 67 70 71 78 79 80 89 90 93 94 96 97 99 100 
237 3 8 9 16 26 30 33 40 44 47 50 51 54 58 62 65 67 70 72 74 75 76 79 80 81 82 83 85 86 87 89 90 91 92 97 
239 3 7 13 14 15 17 19 28 29 30 34 36 37 40 41 43 49 52 54 57 58 60 61 62 64 67 69 71 73 74 77 82 90 92 93 95 96 97 98 100 
57 1 3 4 11 12 14 16 21 22 24 27 29 30 31 32 34 36 39 43 44 47 49 52 53 55 57 61 64 65 66 67 68 69 70 73 77 80 81 82 87 90 93 94 96 98 99 
165 1 6 8 9 21 22 25 26 31 32 40 43 45 47 49 55 56 57 58 67 68 69 73 74 76 77 78 80 85 88 90 91 92 98 99 100 
167 1 6 7 9 10 14 16 21 22 24 26 30 32 40 44 45 52 55 58 67 68 71 73 74 76 81 82 86 90 91 92 93 95 97 
126 1 2 4 7 11 12 14 21 22 23 26 28 29 31 34 38 39 40 49 50 53 54 56 58 59 61 67 68 75 78 86 87 90 99 100 
113 5 6 7 9 17 18 19 20 23 24 28 32 33 34 36 38 42 44 46 47 48 51 54 56 58 60 64 74 78 79 82 88 89 90 91 93 94 95 97 
112 1 7 8 9 13 17 18 19 20 23 24 25 26 28 29 30 31 33 34 35 36 40 43 44 48 49 53 56 57 61 63 70 73 74 78 84 85 90 93 94 95 96 97 98 99 100 
211 2 3 4 6 7 8 14 20 21 22 25 27 31 33 40 43 46 47 49 51 54 59 63 67 68 69 72 74 79 80 81 90 91 94 95 
102 9 10 11 12 17 19 21 22 25 26 27 30 31 33 35 37 39 42 50 55 56 59 60 61 62 63 65 67 68 69 71 72 75 77 80 81 82 83 87 88 90 92 93 97 
253 6 9 11 14 18 22 23 24 26 27 31 33 38 41 42 49 50 54 58 62 64 65 66 69 71 74 78 79 83 84 89 90 93 94 95 96 100 
74 2 4 10 11 12 13 15 18 19 20 22 24 25 28 36 38 39 40 41 43 44 48 53 54 57 60 63 67 69 71 77 78 83 85 90 92 94 96 97 98 99 100 
132 5 6 7 11 12 17 23 24 25 28 32 34 35 37 39 44 51 55 56 58 61 63 64 66 67 68 69 72 73 76 81 86 87 90 91 92 94 96 97 98 
66 1 2 3 6 11 13 16 20 21 22 26 27 30 31 32 36 42 44 45 46 48 53 54 64 66 67 71 76 78 84 85 86 88 89 90 91 92 93 94 97 99 100 
72 1 8 9 10 12 13 14 16 17 20 22 32 35 42 45 53 54 55 56 58 59 60 63 64 67 69 71 81 89 90 93 98 
228 2 3 6 9 10 11 12 14 15 16 17 19 22 24 28 35 36 40 41 46 48 50 55 59 61 62 64 66 68 76 82 87 89 90 96 97 99 
62 5 9 11 14 17 18 20 22 23 24 25 28 32 33 34 37 38 41 43 44 45 47 49 50 51 52 56 59 63 64 66 68 69 71 75 76 79 82 84 86 88 89 90 92 94 95 96 
61 3 5 17 18 19 21 27 28 29 31 35 37 43 44 47 49 50 52 58 59 62 63 66 80 86 88 90 94 95 100 
225 1 2 3 5 6 9 11 15 21 22 23 24 25 31 37 38 43 45 46 54 55 66 69 72 74 77 79 83 90 91 95 98 100 
104 1 5 8 9 10 12 16 17 20 21 22 27 31 35 36 37 38 40 43 45 48 50 54 55 57 61 65 66 67 68 70 71 72 73 75 83 85 87 88 90 91 94 96 97 99 
68 3 6 8 9 14 22 24 27 29 30 32 34 37 38 40 44 46 51 52 54 55 57 61 65 66 67 74 85 87 88 90 94 96 97 
246 5 7 8 9 10 11 13 16 17 21 22 26 28 30 34 39 40 42 47 50 51 52 57 59 61 65 71 74 76 77 78 79 84 85 90 91 92 96 
76 5 7 8 10 11 12 16 24 27 31 32 33 34 35 38 40 43 46 47 48 49 53 56 59 60 61 62 64 67 68 69 72 76 77 78 84 90 91 93 95 
260 1 2 3 4 5 13 14 20 21 25 26 31 33 34 35 37 40 42 43 46 47 54 57 60 62 65 67 72 82 84 86 87 88 90 95 96 97 
85 2 6 9 10 17 20 24 26 27 36 40 43 45 46 47 48 54 55 56 57 58 59 60 62 63 68 69 74 75 77 81 85 86 89 90 93 96 98 99 
18 3 6 9 10 12 14 15 16 18 19 20 22 23 26 30 34 35 36 37 38 39 42 44 46 50 51 52 53 57 58 62 64 70 71 77 83 88 90 91 93 
291 1 2 3 4 11 16 25 26 30 31 42 44 49 50 52 54 57 66 69 70 71 72 73 78 80 82 86 87 90 91 92 94 95 97 99 
150 2 12 13 21 24 25 28 29 36 38 40 41 49 53 55 56 57 59 61 64 65 66 67 68 70 78 79 81 82 83 84 85 88 90 92 93 94 96 97 99 100 
193 3 10 12 16 17 18 22 23 26 31 32 33 34 37 38 39 45 46 48 50 51 52 59 60 62 64 65 66 69 73 79 80 82 83 87 90 91 93 96 97 100 
210 3 4 6 7 8 11 13 14 15 17 19 21 22 26 27 28 31 32 35 40 41 46 55 56 57 58 60 69 70 73 77 78 79 81 83 88 90 91 93 95 98 100 
195 3 6 9 10 11 12 18 19 28 29 31 33 34 39 43 46 47 49 51 53 58 64 71 73 77 81 82 84 85 86 90 93 94 
194 2 3 8 11 14 21 23 28 30 33 35 37 38 39 40 43 44 45 48 49 51 52 53 56 58 62 64 65 67 69 72 73 74 84 85 87 88 90 91 92 93 99 
231 1 4 8 15 17 18 21 23 31 32 36 37 38 39 45 48 50 53 54 56 59 61 62 65 75 78 79 82 83 86 87 88 90 91 94 95 98 99 100 
152 3 10 12 21 22 26 28 30 34 37 39 43 46 47 49 62 69 72 74 76 77 79 81 90 92 94 96 
56 1 5 7 8 14 16 17 18 20 22 23 25 31 32 37 41 42 45 46 48 51 52 57 58 59 70 74 77 78 79 80 81 82 84 86 87 88 90 94 97 99 100 
184 1 4 8 13 14 15 20 24 25 30 31 32 34 36 40 41 43 47 51 55 56 59 61 69 73 74 76 77 83 85 88 90 94 97 98 99 100 
66 2 6 10 11 13 14 15 21 23 27 31 35 36 40 43 45 46 49 50 52 54 55 58 60 61 62 63 64 73 79 80 88 89 90 95 96 98 
134 2 12 13 14 16 17 19 31 32 35 36 40 41 43 46 49 51 53 55 56 57 58 59 61 63 64 65 67 69 72 73 74 76 80 87 88 90 91 96 
188 4 10 13 14 17 20 22 26 28 29 37 40 42 45 46 47 52 54 58 60 66 67 69 72 75 76 80 82 84 87 88 90 91 94 95 98 
180 15 16 20 21 23 25 26 28 29 33 34 35 38 39 41 47 51 53 55 57 60 62 64 67 69 70 72 73 76 77 78 90 92 94 96 97 98 100 
146 3 4 9 10 11 14 17 18 19 24 27 29 30 33 34 35 39 42 44 50 51 52 54 56 59 60 61 66 70 72 73 75 77 86 87 89 90 91 92 93 94 96 
179 2 4 9 12 13 18 20 21 22 24 27 29 31 37 39 42 44 46 47 50 52 55 58 59 60 61 62 64 66 68 70 71 73 76 77 79 83 85 86 90 93 95 96 97 100 
291 1 2 4 8 10 11 16 17 18 22 26 34 35 36 38 39 40 41 42 44 49 52 54 58 59 65 66 68 69 70 74 75 77 78 81 82 86 90 91 93 99 
294 3 4 9 13 15 16 18 19 20 21 25 27 29 32 39 40 44 45 46 49 51 52 53 56 57 60 73 74 75 77 81 84 88 89 90 92 94 95 98 
99 1 3 4 9 11 20 23 24 29 30 31 32 36 37 39 42 43 47 49 50 52 55 56 57 61 62 64 65 67 68 72 74 77 78 85 90 91 96 98 100 
120 4 5 6 7 8 10 16 21 24 26 29 37 38 39 43 44 51 53 54 55 56 58 67 68 70 73 76 82 85 88 90 91 93 97 98 
283 10 11 12 13 14 16 17 20 22 24 27 30 34 35 36 37 42 47 50 51 52 55 56 59 63 65 68 69 73 74 75 78 83 90 95 96 98 99 100 
222 6 7 11 15 16 24 25 30 32 37 38 39 40 43 46 47 48 51 54 56 59 64 65 67 69 70 75 78 81 82 83 84 86 90 92 94 100 
34 4 7 8 12 13 22 23 24 26 27 29 31 32 39 51 52 61 66 67 68 69 71 72 73 75 76 81 82 83 84 86 90 92 93 95 96 98 
27 5 6 9 12 13 16 17 21 25 27 28 29 30 31 37 40 42 43 45 46 51 52 54 56 59 62 65 66 70 71 73 74 76 80 81 83 84 87 88 90 93 96 97 98 100 
183 3 4 5 7 9 13 15 17 24 25 34 35 36 38 42 43 46 47 52 57 59 61 62 64 69 70 76 78 79 81 83 84 87 88 89 90 94 95 97 
73 1 2 3 4 5 6 7 8 10 11 13 17 25 27 28 30 31 32 33 34 35 41 42 43 53 55 56 57 63 64 67 68 72 77 82 84 86 88 90 96 99 
237 1 2 3 5 6 7 8 10 12 13 14 15 16 17 18 19 20 23 24 26 27 28 29 34 35 37 38 42 46 52 53 54 59 60 62 63 66 70 72 74 76 77 78 83 89 90 100 
198 1 4 9 17 18 19 20 23 24 27 30 31 34 37 39 42 56 57 59 60 61 63 66 69 71 72 75 76 80 81 82 86 90 92 96 98 99 100 
151 1 6 7 9 12 16 17 18 23 24 25 26 27 29 31 33 37 39 41 43 44 46 48 50 52 53 54 57 61 62 63 65 68 71 73 76 78 79 82 83 84 87 88 90 93 95 
130 1 3 5 14 15 17 22 34 40 41 42 44 49 54 55 56 57 60 62 64 65 67 73 78 82 85 87 89 90 91 92 95 
278 6 11 13 14 16 19 24 25 26 28 29 31 34 36 40 41 45 56 63 64 68 69 73 76 77 79 80 81 86 90 97 
79 1 6 11 13 15 23 24 27 33 34 37 38 41 46 48 52 53 54 55 59 63 66 67 68 75 77 79 82 84 85 86 90 92 100 
243 2 6 8 10 11 12 13 16 17 18 19 22 27 34 41 43 44 45 46 50 51 52 54 55 56 58 60 61 63 64 69 70 71 74 77 79 80 82 83 85 89 90 91 92 98 
199 10 12 13 15 16 18 19 21 22 23 25 33 35 36 39 46 48 49 50 52 57 58 59 61 64 67 73 78 86 88 90 91 92 93 96 98 
175 1 2 9 10 11 15 20 24 31 34 39 47 53 55 57 58 61 62 63 68 72 76 78 79 88 90 92 94 95 
61 1 3 4 5 8 10 12 13 15 18 19 27 28 30 31 36 37 48 50 52 53 54 56 60 63 64 65 67 68 69 71 75 77 80 84 89 90 91 92 96 99 100 
289 1 2 3 4 6 7 10 11 16 17 18 24 26 33 36 37 39 40 44 45 48 49 50 54 55 56 57 58 59 66 67 71 72 73 76 78 80 81 83 86 90 91 94 99 100 
237 5 8 12 13 14 18 20 21 22 25 26 28 36 37 41 42 44 47 49 54 57 59 61 62 65 67 69 70 74 75 77 80 84 85 86 87 90 92 93 96 97 100 
167 1 6 8 9 11 14 15 21 23 25 31 33 36 42 43 44 47 48 49 51 56 65 69 71 72 73 75 82 83 84 85 88 89 90 91 93 94 95 96 98 99 
41 1 4 8 13 14 15 17 18 23 24 32 41 43 49 51 52 53 64 68 71 73 76 77 78 86 90 91 92 95 98 100 
55 2 6 7 9 10 15 17 19 23 24 27 29 39 42 44 45 48 49 57 58 62 63 64 65 68 71 77 82 83 85 90 91 96 100 
37 3 5 6 7 10 15 16 17 19 21 24 30 31 38 41 42 43 45 47 49 53 57 60 62 63 66 68 69 70 72 73 79 81 88 89 90 93 94 95 97 100 
29 2 3 4 5 8 9 12 15 24 25 26 33 34 40 42 43 44 47 50 56 61 62 63 64 65 67 69 73 77 79 81 86 89 90 93 95 96 98 99 
271 12 22 25 28 31 36 37 38 42 45 46 49 53 58 62 63 64 65 66 69 72 76 78 79 90 91 96 97 98 100 
271 5 6 7 11 13 15 18 22 26 28 34 35 36 39 42 45 46 50 56 59 60 70 72 73 78 79 81 86 90 92 97 98 100 
258 2 8 9 11 12 15 19 20 27 28 31 32 38 39 41 45 47 49 55 56 57 62 63 66 68 71 72 74 77 78 80 83 85 88 90 93 100 
190 3 5 6 7 12 13 15 17 20 24 27 30 34 35 38 41 43 46 47 49 52 53 55 64 65 69 70 78 89 90 93 95 97 
239 1 2 6 8 10 12 18 21 24 28 31 32 34 35 38 40 42 44 46 47 49 50 51 52 53 58 60 64 65 66 69 74 75 79 82 86 90 91 96 98 99 100 
146 2 4 5 6 11 14 15 21 25 28 29 30 31 39 51 55 58 65 67 70 73 76 79 82 83 87 90 93 94 95 98 100 
31 1 2 3 4 5 6 7 8 9 10 11 12 13 14 15 16 17 18 19 20 21 22 23 24 25 26 27 28 29 30 31 32 33 34 35 36 37 38 39 40 41 42 43 44 45 46 47 48 49 50 51 52 53 54 55 56 57 58 59 60 61 62 63 64 65 66 67 68 69 70 71 72 73 74 75 76 77 78 79 80 81 82 83 84 85 86 87 88 89 91 92 93 94 95 96 97 98 99 100 
164 1 7 8 10 12 15 18 19 21 23 27 28 33 34 36 37 40 41 43 44 46 47 52 53 55 57 59 60 70 73 74 76 77 79 80 81 84 88 90 92 96 98 
48 2 3 5 6 12 15 16 18 19 24 26 27 28 31 36 41 42 46 48 54 55 58 62 63 68 70 72 73 74 75 76 78 80 85 90 91 93 94 96 97 98 100 
263 2 5 6 7 9 11 14 16 17 19 21 22 24 25 28 29 37 39 40 42 43 44 45 46 55 56 57 60 63 64 69 74 78 79 82 83 86 87 89 90 92 94 95 96 98 100 
159 1 5 6 8 9 10 11 13 14 17 21 22 23 25 26 27 28 31 32 34 35 41 42 45 47 48 49 50 53 54 55 58 62 65 75 77 79 82 89 90 92 93 96 
255 8 12 13 16 19 21 22 23 25 31 32 33 37 38 41 44 47 51 53 56 58 61 63 65 69 70 75 79 80 82 83 87 89 90 93 97 99 
218 5 8 11 12 14 16 17 22 25 26 27 30 31 34 35 36 38 39 42 43 48 51 52 54 55 56 59 61 63 64 66 68 74 76 78 79 81 83 84 88 90 91 92 93 94 98 
209 2 4 5 7 10 13 14 15 16 19 21 22 24 26 27 28 30 34 35 38 41 42 43 49 50 54 56 60 64 65 71 78 82 84 85 87 90 92 95 98 100 
278 1 2 3 4 5 10 11 16 17 18 22 26 27 29 33 39 44 47 50 51 53 54 58 59 60 61 63 64 68 73 74 79 80 83 84 85 88 89 90 91 92 93 96 97 
129 5 6 7 9 14 17 18 20 22 26 28 30 34 39 41 42 46 47 49 50 57 61 66 68 76 77 79 83 88 90 95 100 
185 2 9 11 13 14 16 18 20 22 25 26 28 32 33 42 43 44 47 49 50 54 56 59 61 62 64 67 68 72 76 77 78 80 81 82 84 85 86 88 89 90 92 93 97 99 
0