20
17 3 4 12 13 20 
21 5 11 13 18 
26 1 6 7 8 12 13 19 20 
22 1 7 8 9 13 19 
27 2 9 11 13 15 17 18 20 
23 3 8 9 10 11 13 14 15 16 18 
28 3 4 9 12 13 14 20 
19 3 4 6 9 10 11 13 19 20 
14 4 5 6 7 8 11 13 14 16 19 20 
28 6 8 11 12 13 15 19 20 
12 2 5 6 8 9 10 13 14 
20 1 3 7 10 13 
17 1 2 3 4 5 6 7 8 9 10 11 12 14 15 16 17 18 19 20 
29 6 7 9 11 13 18 
19 5 6 10 13 17 
25 6 9 13 17 20 
25 5 13 15 16 19 20 
14 2 5 6 13 14 
26 3 4 8 9 10 13 17 
21 1 3 5 7 8 9 10 13 16 17 
025
20 2 12 16 17 20 23 
12 1 3 4 5 6 7 8 9 10 11 12 13 14 15 16 17 18 19 20 21 22 23 24 25 
22 2 6 11 12 14 19 
20 2 10 12 15 19 22 24 
10 2 7 8 10 13 18 19 24 
24 2 3 14 17 23 25 
16 2 5 13 15 18 25 
20 2 5 9 13 14 16 18 19 21 24 
27 2 8 10 11 13 15 20 
12 2 4 5 9 11 23 
16 2 3 9 10 12 15 18 23 25 
14 1 2 3 4 11 13 18 21 23 25 
15 2 5 7 8 9 12 19 21 22 23 
24 2 3 6 8 15 16 24 25 
21 2 4 7 9 11 14 16 17 20 21 22 24 
24 1 2 8 14 15 18 21 22 
28 1 2 6 15 18 22 
12 2 5 7 8 11 12 16 17 19 20 23 25 
20 2 3 4 5 8 13 18 20 22 
21 1 2 9 15 18 19 24 25 
11 2 8 12 13 15 16 25 
14 2 4 13 15 16 17 19 23 25 
19 1 2 6 10 11 12 13 18 22 24 25 
10 2 4 5 8 14 15 20 23 25 
28 2 6 7 11 12 14 18 20 21 22 23 24 
030
13 2 3 5 6 11 13 15 16 17 21 25 28 
15 1 5 6 7 8 9 11 12 13 14 15 19 22 24 26 27 30 
11 1 6 7 8 9 10 14 15 23 24 27 
25 5 6 7 9 15 18 20 25 29 
21 1 2 4 9 11 12 13 14 15 17 20 23 26 28 
16 1 2 3 4 7 12 13 15 21 22 24 28 29 
26 2 3 4 6 9 10 13 15 18 21 25 27 
18 2 3 9 11 12 14 15 18 19 20 24 27 28 30 
21 2 3 4 5 7 8 10 13 15 17 21 27 28 30 
22 3 7 9 11 12 13 14 15 17 19 20 21 23 
23 1 2 5 8 10 13 15 16 24 25 27 29 
26 2 5 6 8 10 15 19 20 23 25 29 30 
25 1 2 5 6 7 9 10 11 14 15 18 27 28 29 
23 2 3 5 8 10 13 15 18 19 21 24 26 
15 1 2 3 4 5 6 7 8 9 10 11 12 13 14 16 17 18 19 20 21 22 23 24 25 26 27 28 29 30 
19 1 11 15 17 23 25 26 28 30 
21 1 5 9 10 15 16 26 29 
25 4 7 8 13 14 15 22 25 27 29 
13 2 8 10 12 14 15 26 
20 4 5 8 10 12 15 22 23 25 26 
18 1 6 7 9 10 14 15 25 30 
13 2 6 15 18 20 24 25 27 
16 3 5 10 12 15 16 20 30 
25 2 3 6 8 11 14 15 22 26 27 28 29 30 
18 1 4 7 11 12 15 16 18 20 21 22 26 27 
14 2 5 14 15 16 17 19 20 24 25 28 29 30 
10 2 3 7 8 9 11 13 15 18 22 24 25 
16 1 5 6 8 9 13 15 16 24 26 
19 4 6 11 12 13 15 17 18 24 26 30 
29 2 8 9 12 15 16 21 23 24 26 29 
035
13 4 13 14 15 19 20 21 23 26 28 30 32 
26 7 14 17 19 20 26 28 31 33 34 
16 4 6 7 8 9 14 18 22 23 26 29 31 34 
27 1 3 5 8 10 11 12 14 16 17 18 21 23 24 25 29 31 33 34 35 
25 4 8 9 11 12 13 14 15 26 27 28 
18 3 7 8 11 13 14 15 26 29 32 33 35 
27 2 3 6 9 10 12 14 16 22 27 29 34 35 
27 3 4 5 6 9 11 14 18 22 25 27 29 30 31 33 
24 3 5 7 8 10 11 14 15 18 20 23 27 28 29 31 32 34 
26 4 7 9 14 15 17 20 22 25 26 27 29 34 
15 4 5 6 8 9 14 15 17 22 24 28 31 32 33 34 
28 4 5 7 14 18 21 23 27 29 33 
22 1 5 6 14 15 20 22 24 25 31 32 35 
25 1 2 3 4 5 6 7 8 9 10 11 12 13 15 16 17 18 19 20 21 22 23 24 25 26 27 28 29 30 31 32 33 34 35 
11 1 5 6 9 10 11 13 14 19 22 23 24 27 29 35 
11 4 7 14 25 26 
13 2 4 10 11 14 23 33 
10 3 4 8 9 12 14 23 24 34 35 
28 1 2 14 15 21 23 24 25 31 35 
27 1 2 9 10 13 14 21 25 26 27 31 32 33 34 
16 1 4 12 14 19 20 25 26 30 32 33 34 
28 3 7 8 10 11 13 14 15 23 26 27 29 31 32 33 
17 1 3 4 9 12 14 15 17 18 19 22 26 28 32 33 34 35 
16 4 11 13 14 15 18 19 26 30 35 
12 4 8 10 13 14 16 19 20 21 26 27 29 32 33 34 35 
13 1 2 3 5 6 10 14 16 20 21 22 23 24 25 27 28 29 33 
13 5 7 8 9 10 12 14 15 20 22 25 26 34 35 
10 1 2 5 9 11 14 23 26 35 
11 3 4 6 7 8 9 10 12 14 15 22 25 26 35 
12 1 8 14 21 24 32 
27 2 3 4 8 9 11 13 14 19 20 22 33 
24 1 6 9 11 13 14 20 21 22 23 25 30 35 
10 2 4 6 8 11 12 14 17 20 21 22 23 25 26 31 
20 2 3 4 7 9 10 11 14 18 20 21 23 25 27 
11 4 6 7 13 14 15 18 19 23 24 25 27 28 29 32 
040
26 5 6 9 11 13 17 19 23 24 26 28 30 32 37 38 
21 3 4 7 8 9 10 13 17 19 24 25 29 30 31 32 39 40 
17 2 7 9 11 15 17 18 21 22 24 25 31 32 33 35 38 39 40 
28 2 9 11 12 16 18 20 24 26 29 36 
14 1 7 8 10 11 12 19 23 24 29 31 33 36 39 
10 1 10 13 15 17 18 24 32 35 
12 2 3 5 10 14 15 21 23 24 31 34 39 
27 2 5 9 14 21 24 25 26 34 36 40 
20 1 2 3 4 8 10 15 16 17 20 23 24 26 30 31 32 35 37 39 40 
19 2 5 6 7 9 12 15 18 22 24 27 29 33 36 39 
23 1 3 4 5 12 18 19 21 23 24 27 29 30 33 35 
21 4 5 10 11 21 23 24 27 31 
10 1 2 6 14 15 17 18 21 22 23 24 26 29 31 34 35 36 37 39 
13 7 8 13 16 17 18 19 20 24 25 26 28 34 
24 3 6 7 9 10 13 17 20 21 22 24 25 26 27 31 33 34 35 36 
13 4 9 14 17 18 21 22 23 24 25 27 33 37 38 
13 1 2 3 6 9 13 14 15 16 18 20 21 24 30 31 32 37 39 
28 3 4 6 10 11 13 14 16 17 21 24 27 28 30 32 38 40 
11 1 2 5 11 14 20 22 24 25 28 31 40 
24 4 9 14 15 17 19 21 23 24 28 31 32 33 35 37 38 39 40 
20 3 7 8 11 12 13 15 16 17 18 20 22 24 25 28 30 34 40 
12 3 10 13 15 16 19 21 23 24 25 29 33 34 35 38 
10 1 5 7 9 11 12 13 16 20 22 24 28 30 34 38 
11 1 2 3 4 5 6 7 8 9 10 11 12 13 14 15 16 17 18 19 20 21 22 23 25 26 27 28 29 30 31 32 33 34 35 36 37 38 39 40 
17 2 3 8 14 15 16 19 21 22 24 27 28 29 31 33 34 35 
26 1 4 8 9 13 14 15 24 27 28 32 33 34 40 
27 10 11 12 15 16 18 24 25 26 29 32 
17 1 14 18 19 20 21 23 24 25 26 34 36 38 
20 2 4 5 10 11 13 22 24 25 27 30 32 33 35 37 
11 1 2 9 11 17 18 21 23 24 29 31 33 36 40 
22 2 3 5 7 9 12 13 15 17 19 20 24 25 30 32 33 37 
11 1 2 3 6 9 17 18 20 24 26 27 29 31 37 40 
14 3 5 10 11 15 16 20 22 24 25 26 29 30 31 35 38 40 
14 7 8 13 14 15 21 22 23 24 25 26 28 35 37 38 40 
11 3 6 9 11 13 15 20 22 24 25 29 33 34 39 
16 4 5 8 10 13 15 24 28 30 39 
19 1 9 13 16 17 20 24 29 31 32 34 40 
20 1 3 16 18 20 22 23 24 28 33 34 
26 2 3 5 7 9 10 13 17 20 24 35 36 40 
29 2 3 8 9 18 19 20 21 24 26 30 32 33 34 37 39 
045
15 8 9 10 14 15 20 23 24 26 27 29 32 37 42 
19 3 4 6 7 8 10 15 19 22 23 31 33 34 35 36 39 42 44 
19 2 4 5 14 15 16 17 19 20 23 26 27 30 31 33 35 38 40 44 45 
26 2 3 7 10 11 12 15 16 22 23 26 32 33 36 41 43 44 45 
23 3 7 10 11 12 15 18 22 24 29 31 33 35 37 41 42 
26 2 9 15 16 22 25 28 32 34 36 37 39 40 41 43 44 
15 2 4 5 8 9 12 14 15 19 21 22 28 29 30 31 32 34 35 36 37 38 41 44 
20 1 2 7 11 15 16 17 19 24 25 26 27 28 29 31 33 36 40 
21 1 6 7 13 14 15 22 24 25 26 28 29 32 37 44 45 
28 1 2 4 5 11 13 15 20 23 26 27 28 33 34 37 39 40 
29 4 5 8 10 15 16 17 21 22 23 25 26 27 33 34 41 42 44 45 
20 4 5 7 14 15 17 20 22 25 29 41 
25 9 10 14 15 21 23 24 29 33 36 37 41 43 44 45 
19 1 3 7 9 12 13 15 17 18 24 25 26 30 32 34 36 40 43 
19 1 2 3 4 5 6 7 8 9 10 11 12 13 14 16 17 18 19 20 21 22 23 24 25 26 27 28 29 30 31 32 33 34 35 36 37 38 39 40 41 42 43 44 45 
18 3 4 6 8 11 15 18 21 22 23 24 28 29 32 34 37 41 43 44 45 
20 3 8 11 12 14 15 19 30 32 34 39 
17 5 14 15 16 22 25 29 33 34 35 41 43 
20 2 3 7 8 15 17 21 22 25 29 33 34 38 39 43 45 
23 1 3 10 12 15 27 34 39 
12 7 11 13 15 16 19 22 24 27 30 32 34 35 44 
11 2 4 5 6 7 9 11 12 15 16 18 19 21 24 25 28 29 31 32 34 37 39 40 43 44 
20 1 2 3 4 10 11 13 15 16 27 31 34 42 45 
19 1 5 8 9 13 14 15 16 21 22 26 27 28 33 45 
17 6 8 9 11 12 14 15 18 19 22 26 27 28 32 34 36 43 45 
28 1 3 4 8 9 10 11 14 15 24 25 27 28 34 35 36 40 44 
24 1 3 8 10 11 15 20 21 23 24 25 26 33 36 37 41 
19 6 7 8 9 10 15 16 22 24 25 26 29 31 33 35 36 37 38 
12 1 5 7 8 9 12 13 15 16 18 19 22 28 35 36 37 38 39 41 42 43 
22 3 7 14 15 17 21 34 37 40 41 42 43 
19 2 3 5 7 8 15 22 23 28 37 38 40 44 
12 1 4 6 7 9 14 15 16 17 21 22 25 36 39 40 41 45 
22 2 3 4 5 8 10 11 13 15 18 19 24 27 28 36 38 39 42 
20 2 6 7 10 11 14 15 16 17 18 19 20 21 22 23 25 26 30 35 36 37 38 43 
21 2 3 5 7 15 18 21 26 28 29 34 36 38 39 43 45 
10 2 4 6 7 8 13 14 15 25 26 27 28 29 32 33 34 35 40 43 45 
25 1 5 6 7 9 10 13 15 16 22 27 28 29 30 31 34 38 41 42 43 44 
13 3 7 15 19 28 29 31 33 34 35 37 42 43 
16 2 6 10 15 17 19 20 22 29 32 33 35 40 43 
24 3 6 8 10 14 15 22 26 30 31 32 36 39 41 44 
22 4 5 6 7 11 12 13 15 16 18 27 29 30 32 37 40 42 44 
16 1 2 5 11 15 23 29 30 33 37 38 41 44 
26 4 6 13 14 15 16 18 19 22 25 29 30 34 35 36 37 38 39 
14 2 3 4 6 7 9 11 13 15 16 21 22 26 31 37 40 41 42 45 
13 3 4 9 11 13 15 16 19 23 24 25 32 35 36 44 
050
10 4 7 10 11 13 14 15 18 24 27 28 30 35 39 44 47 48 49 
22 4 8 11 15 16 17 18 20 23 31 35 38 44 46 49 50 
14 5 8 11 15 19 21 22 23 25 26 32 33 41 42 44 45 47 48 49 
25 1 2 5 6 10 16 18 22 23 25 28 30 35 37 38 40 41 46 47 49 
23 3 4 10 13 15 16 18 20 28 30 33 34 42 48 49 
24 4 10 15 27 28 30 32 37 41 45 49 50 
27 1 8 16 21 28 35 36 37 41 44 46 49 
16 2 3 7 13 15 18 21 28 35 40 41 44 45 46 47 48 49 50 
26 13 14 16 17 18 20 21 22 23 26 27 28 31 32 33 34 35 38 44 45 46 47 49 50 
11 1 4 5 6 11 12 14 15 17 23 24 26 30 33 36 38 45 47 48 49 
29 1 2 3 10 12 13 20 21 22 28 30 36 45 49 50 
13 10 11 15 22 23 24 26 27 29 32 37 38 39 40 43 44 49 50 
14 1 5 8 9 11 15 17 18 23 27 28 31 35 37 42 44 47 48 49 50 
16 1 9 10 17 18 20 24 25 33 36 37 41 43 45 46 49 50 
12 1 2 3 5 6 8 10 12 13 18 21 22 23 24 28 30 32 34 35 36 37 41 42 45 49 
12 2 4 5 7 9 17 20 25 26 27 28 30 32 33 34 36 38 41 43 45 46 47 49 
29 2 9 10 13 14 16 22 23 26 30 31 34 40 41 45 48 49 50 
19 1 2 4 5 8 9 13 14 15 19 22 23 25 34 35 39 41 43 46 49 50 
12 3 18 24 27 28 30 34 36 38 43 44 48 49 50 
17 2 5 9 11 14 16 23 24 27 40 43 48 49 50 
20 3 7 8 9 11 15 22 23 24 25 26 28 33 39 45 49 
29 3 4 9 11 12 15 17 18 21 32 34 35 36 37 41 43 44 45 49 
22 2 3 4 9 10 12 13 15 17 18 20 21 26 30 31 33 34 39 40 42 44 46 48 49 
29 1 10 12 14 15 19 20 21 28 29 32 36 40 43 48 49 
14 3 4 14 16 18 21 27 37 43 48 49 
17 3 9 10 12 16 17 21 23 27 28 29 31 34 43 44 46 47 48 49 
18 1 6 9 12 13 16 19 20 25 26 28 29 30 37 42 46 49 
15 1 4 5 6 7 8 9 11 13 15 16 19 21 24 26 27 29 37 40 43 44 45 47 49 
20 12 24 26 27 28 31 34 38 39 43 46 49 
23 1 4 5 6 10 11 15 16 17 19 23 27 31 32 34 35 37 38 40 42 45 49 
25 2 9 13 17 23 26 29 30 32 35 36 43 44 46 47 48 49 50 
25 3 6 9 12 15 16 22 24 30 31 33 40 43 48 49 
28 3 5 9 10 14 16 21 23 32 35 36 38 40 41 45 46 49 
13 5 9 15 16 17 18 19 22 23 26 29 30 36 39 41 43 44 47 48 49 
15 1 2 4 7 8 9 13 15 18 22 30 31 33 37 39 41 49 
29 7 10 11 14 15 16 19 22 24 31 33 34 45 46 47 49 
15 4 6 7 12 13 14 15 22 25 27 28 30 35 39 40 44 46 49 
23 2 4 9 10 12 16 19 29 30 33 41 42 46 48 49 
24 1 12 18 21 23 29 34 35 37 41 43 49 50 
16 4 8 12 17 20 23 24 28 30 32 33 37 47 49 
23 3 4 6 7 8 14 15 16 17 18 22 33 34 35 38 39 44 45 49 50 
12 3 5 13 15 23 27 30 38 44 45 46 47 49 50 
22 12 14 16 18 19 20 22 24 25 26 28 29 31 32 34 39 47 48 49 
12 1 2 3 7 8 9 12 13 19 22 23 26 28 31 34 37 41 42 45 47 48 49 
17 3 6 8 9 10 11 14 15 16 17 21 22 28 30 33 36 41 42 44 49 
24 2 4 7 8 9 14 16 18 23 26 27 29 31 33 36 37 38 42 47 48 49 
11 1 3 4 8 9 10 13 16 26 28 31 34 36 40 42 43 44 46 48 49 
17 1 3 5 8 10 13 17 19 20 23 24 25 26 31 32 34 38 43 44 46 47 49 
20 1 2 3 4 5 6 7 8 9 10 11 12 13 14 15 16 17 18 19 20 21 22 23 24 25 26 27 28 29 30 31 32 33 34 35 36 37 38 39 40 41 42 43 44 45 46 47 48 50 
22 2 6 8 9 11 12 13 14 17 18 19 20 31 39 41 42 49 
055
28 2 3 4 6 12 13 17 19 20 21 23 27 32 33 35 38 43 51 52 
25 1 5 7 8 11 15 21 23 24 26 29 31 33 34 35 36 46 48 51 53 55 
21 1 6 9 10 12 14 19 21 22 24 29 30 31 35 36 37 38 42 46 47 53 54 
20 1 7 10 13 14 22 26 31 34 35 36 42 43 50 52 53 54 55 
20 2 6 8 12 14 20 22 28 32 35 37 38 40 48 53 
22 1 3 5 9 10 11 15 17 19 22 24 26 29 35 38 40 41 43 46 47 50 51 54 
13 2 4 9 14 16 18 19 20 22 26 27 32 35 40 41 43 46 49 50 51 52 54 55 
26 2 5 9 10 12 13 14 15 18 19 20 21 22 24 25 27 28 29 32 33 35 39 42 43 45 47 48 49 50 51 
11 3 6 7 8 11 13 19 22 23 24 31 32 33 35 36 39 40 41 42 47 51 54 55 
14 3 4 6 8 17 24 25 28 32 35 46 51 52 
12 2 6 9 12 14 15 16 18 21 27 29 30 34 35 36 38 46 48 49 51 52 
10 1 3 5 8 11 15 19 20 21 26 30 32 33 35 36 40 46 51 53 
21 1 4 8 9 33 34 35 37 38 39 42 44 51 53 55 
11 3 4 5 7 8 11 16 18 20 22 26 30 31 35 38 40 41 45 46 47 54 
18 2 6 8 11 12 17 18 21 22 24 28 30 33 34 35 37 38 40 41 42 46 51 53 
13 7 11 14 18 22 27 30 35 38 39 41 44 45 47 49 54 55 
10 1 6 10 15 20 23 28 29 30 33 35 39 41 42 43 44 50 52 55 
21 7 8 11 14 15 16 22 24 29 30 31 35 39 40 41 42 44 49 51 54 
27 1 3 6 7 8 9 12 21 23 25 26 27 29 33 34 35 36 40 43 47 49 50 52 54 55 
13 1 5 7 8 12 14 17 26 28 29 30 33 34 35 37 42 45 47 48 49 53 
18 1 2 3 8 11 12 15 19 22 24 26 28 35 37 42 48 51 
10 3 4 5 6 7 8 9 14 15 16 18 21 27 28 31 33 35 37 39 43 46 54 
24 1 2 9 17 19 24 28 34 35 36 40 42 45 46 48 49 51 55 
12 2 3 6 8 9 10 15 18 21 23 25 27 28 30 35 37 43 47 52 53 
27 8 10 19 24 30 32 33 35 36 37 40 44 53 
12 2 4 6 7 12 14 19 20 21 28 29 30 31 35 36 41 42 47 50 52 53 54 
13 1 7 8 11 16 19 22 24 30 33 35 42 43 44 45 50 51 52 53 55 
18 5 8 10 15 17 20 21 22 23 24 26 31 32 34 35 40 47 49 52 54 55 
23 2 3 6 8 11 17 18 19 20 26 30 32 33 35 47 48 51 53 55 
10 3 11 12 14 15 16 17 18 20 24 25 26 27 29 33 35 36 38 39 45 47 49 50 53 
17 2 3 4 9 14 18 22 26 28 33 35 39 43 45 50 51 
26 1 5 7 8 9 10 12 25 28 29 33 34 35 36 37 39 42 43 47 48 50 54 
18 1 2 8 9 12 13 15 17 19 20 22 25 27 29 30 31 32 34 35 36 38 40 41 43 49 
19 2 4 11 13 15 19 20 23 28 32 33 35 37 41 44 46 51 52 
19 1 2 3 4 5 6 7 8 9 10 11 12 13 14 15 16 17 18 19 20 21 22 23 24 25 26 27 28 29 30 31 32 33 34 36 37 38 39 40 41 42 43 44 45 46 47 48 49 50 51 52 53 54 55 
15 2 3 4 9 11 12 19 23 25 26 30 32 33 35 43 44 47 53 
12 3 5 13 15 20 21 22 24 25 32 34 35 39 41 42 49 51 54 55 
11 1 3 5 6 11 13 14 15 16 30 33 35 39 44 46 48 52 53 54 55 
14 8 9 13 16 17 18 22 30 31 32 35 37 38 43 46 48 49 54 
16 5 6 7 9 12 14 15 18 19 23 25 28 33 35 41 43 48 51 
10 6 7 9 14 15 16 17 18 26 33 34 35 37 40 44 46 51 52 
28 3 4 8 9 13 15 17 18 20 21 23 26 27 32 35 37 43 47 48 53 
10 1 4 6 7 8 17 19 22 24 27 31 32 33 35 36 39 40 42 44 46 48 55 
28 13 16 17 18 25 27 34 35 36 38 41 43 46 47 48 51 53 54 
10 8 14 16 20 23 27 30 31 35 53 
24 2 3 6 7 10 11 12 14 15 22 23 34 35 38 39 41 43 44 47 52 54 55 
22 3 6 8 9 14 16 19 20 24 26 28 29 30 32 35 36 42 44 46 50 51 52 
24 2 5 8 11 20 21 23 29 32 35 38 39 40 42 43 44 52 53 54 55 
28 7 8 11 16 18 19 20 23 28 30 33 35 37 39 50 51 
23 4 6 7 8 17 19 26 27 30 31 32 35 47 49 52 54 55 
17 1 2 6 7 8 9 10 11 12 13 15 18 21 23 27 29 31 34 35 37 40 41 44 47 49 52 54 55 
27 1 4 7 10 11 17 19 24 26 27 28 34 35 38 41 46 47 48 50 51 54 55 
11 2 3 4 5 12 13 15 20 24 25 26 27 29 30 35 36 38 42 44 45 48 
18 3 4 6 7 9 14 16 18 19 22 26 28 32 35 37 38 39 44 46 48 50 51 52 
15 2 4 7 9 13 16 17 19 23 27 28 29 35 37 38 43 46 48 50 51 52 
060
13 4 6 8 9 10 13 16 21 22 23 24 29 35 36 37 38 41 42 43 47 51 52 53 56 57 58 
14 5 6 9 10 15 16 18 24 28 29 33 34 37 48 51 52 53 54 55 
15 4 6 8 9 10 13 16 18 21 24 26 29 32 35 37 38 40 43 44 47 48 50 53 54 59 
26 1 3 6 8 9 10 15 16 20 24 25 28 29 38 39 40 43 45 46 49 52 54 59 
17 2 6 7 8 10 11 16 17 19 21 23 24 27 28 31 33 36 37 39 42 43 44 49 54 58 
25 1 2 3 4 5 8 9 10 12 14 18 19 24 28 31 32 33 34 35 38 40 42 46 48 50 52 53 54 
29 5 14 17 18 20 21 24 25 28 31 34 43 45 49 56 58 60 
24 1 3 4 5 6 10 15 16 18 19 21 22 23 24 26 28 29 30 32 37 38 40 41 42 43 45 51 55 59 60 
23 1 2 3 4 6 10 12 13 15 17 23 24 31 32 35 36 38 39 43 44 47 49 53 55 60 
29 1 2 3 4 5 6 8 9 14 18 20 22 24 25 26 27 31 39 40 41 53 55 58 59 
28 5 12 15 17 20 21 24 27 31 35 36 37 40 41 46 48 49 52 54 55 56 58 59 60 
12 6 9 11 18 19 20 24 25 26 28 29 30 31 32 34 36 38 42 45 46 48 49 50 51 
13 1 3 9 14 20 21 22 23 24 27 28 30 31 33 35 36 40 41 42 43 45 46 47 51 56 58 
29 6 7 10 13 16 24 25 28 30 34 39 43 45 46 49 51 52 54 55 56 59 
13 2 4 8 9 11 21 24 25 27 30 34 35 37 40 41 44 47 49 50 51 52 55 
24 1 2 3 4 5 8 14 20 23 24 26 28 40 42 43 44 45 49 50 53 56 57 59 60 
24 5 7 9 11 24 26 29 30 31 34 37 38 41 46 48 53 55 56 57 58 59 
16 2 3 6 7 8 10 12 24 25 35 39 52 56 57 
22 5 6 8 12 24 26 30 37 50 51 59 
23 4 7 10 11 12 13 16 22 24 26 27 28 36 37 41 44 46 48 49 50 52 56 57 60 
29 1 3 5 7 8 11 13 15 24 25 29 33 35 37 38 39 42 43 45 50 51 53 54 57 58 
18 1 8 10 13 20 24 32 35 37 39 41 43 44 45 46 49 51 55 58 
25 1 5 8 9 13 16 24 25 27 29 30 35 37 43 44 45 46 49 52 53 55 56 58 
23 1 2 3 4 5 6 7 8 9 10 11 12 13 14 15 16 17 18 19 20 21 22 23 25 26 27 28 29 30 31 32 33 34 35 36 37 38 39 40 41 42 43 44 45 46 47 48 49 50 51 52 53 54 55 56 57 58 59 60 
22 4 7 10 12 14 15 18 21 23 24 27 29 30 31 32 36 37 38 44 47 49 51 54 55 56 57 
20 3 8 10 12 16 17 19 20 24 28 29 32 33 35 36 37 48 56 57 58 60 
22 5 10 11 13 15 20 23 24 25 31 32 33 35 36 38 44 47 49 50 51 53 57 58 
27 2 4 5 6 7 8 12 13 14 16 20 24 26 34 35 45 46 48 49 55 58 59 
21 1 2 3 4 8 12 17 21 23 24 25 26 32 33 34 38 39 41 43 45 47 52 53 56 
16 8 12 13 14 15 17 19 23 24 25 34 35 36 37 40 43 44 50 52 53 56 58 60 
25 5 6 7 9 10 11 12 13 17 24 25 27 33 35 38 39 41 48 51 57 
29 3 6 8 9 12 22 24 25 26 27 29 33 35 38 39 41 44 46 48 49 53 57 58 60 
19 2 5 6 13 21 24 26 27 29 31 32 39 41 44 45 46 55 56 58 60 
20 2 6 7 12 14 15 17 24 28 29 30 37 44 50 60 
19 1 3 6 9 11 13 15 18 21 22 23 24 26 27 28 30 31 32 36 39 40 41 43 44 45 47 48 51 52 54 59 
12 1 5 9 11 12 13 20 24 25 26 27 30 35 38 40 43 44 45 48 51 52 54 56 60 
10 1 2 3 5 8 11 15 17 19 20 21 22 23 24 25 26 30 34 38 40 42 43 44 46 47 50 55 56 58 59 60 
22 1 3 4 6 8 9 12 17 21 24 25 27 29 31 32 36 37 39 44 47 48 50 52 58 60 
13 4 5 9 10 14 18 21 22 24 29 31 32 33 35 38 47 49 51 52 54 56 58 59 
26 3 4 6 8 10 11 13 15 16 24 30 35 36 37 43 45 52 53 54 56 57 59 
26 1 8 10 11 13 15 17 20 22 24 29 31 32 33 35 42 43 47 48 51 52 53 57 59 
27 1 5 6 8 12 13 16 21 24 37 41 51 53 56 58 59 
18 1 3 4 5 7 8 9 13 14 16 21 22 23 24 29 30 35 36 37 40 41 49 51 54 55 56 57 59 60 
22 3 5 9 15 16 20 22 23 24 25 27 30 32 33 34 35 36 37 38 50 53 55 59 
11 4 7 8 12 13 14 16 21 22 23 24 28 29 33 35 36 40 46 47 54 55 56 57 
19 4 6 11 12 13 14 17 20 22 23 24 28 32 33 37 45 47 49 53 57 
26 1 3 9 13 15 24 25 27 29 35 37 38 39 41 45 46 49 55 59 
24 2 3 6 11 12 17 20 24 26 28 31 32 35 36 38 41 52 55 60 
18 4 5 7 9 11 12 14 15 16 20 22 23 24 25 27 28 32 39 43 46 47 50 51 53 57 
15 3 6 12 15 16 19 20 21 24 27 30 34 37 38 44 49 51 58 
29 1 2 8 12 13 14 15 19 21 22 24 25 27 31 35 36 39 41 42 43 49 50 53 54 56 
18 1 2 4 6 11 14 15 18 20 23 24 29 30 35 36 38 39 40 41 48 54 55 56 
20 1 2 3 6 9 10 16 17 21 23 24 27 29 30 32 40 41 42 44 46 49 51 54 55 
20 2 3 4 5 6 11 14 21 24 25 35 36 39 40 43 45 51 52 53 55 
12 2 8 9 10 11 14 15 17 22 23 24 25 28 33 37 43 44 45 47 48 52 53 54 59 
11 1 7 11 13 14 16 17 18 20 23 24 25 26 29 30 33 36 37 39 40 42 43 45 51 52 
29 1 16 17 18 20 21 24 25 26 27 31 32 40 41 43 45 46 49 58 60 
19 1 5 7 10 11 13 17 21 22 23 24 26 27 28 30 32 33 37 38 39 42 50 57 
13 3 4 8 10 11 14 16 17 19 24 28 35 37 39 40 41 42 43 44 47 55 
26 7 8 9 11 16 20 24 26 30 32 33 34 36 37 38 43 48 57 
065
11 7 10 11 15 17 21 22 31 33 34 35 36 38 46 48 52 56 59 
13 8 12 18 20 24 25 31 32 34 35 36 38 39 40 41 43 47 48 51 53 55 57 60 62 64 
28 4 7 10 11 13 14 19 23 24 25 29 36 38 39 40 42 45 46 47 49 51 53 54 55 57 58 59 61 62 63 64 
24 3 5 7 13 18 19 21 26 27 28 30 32 38 40 41 44 46 48 49 51 52 54 55 57 61 
15 4 7 8 10 11 13 16 20 21 25 38 39 44 45 46 50 51 53 54 55 58 60 62 64 
21 8 14 15 19 20 26 30 36 37 38 51 53 60 62 
19 1 3 4 5 11 18 25 27 29 31 32 34 36 38 39 40 42 45 47 48 50 51 52 53 54 57 60 62 65 
29 2 5 6 12 15 17 19 20 22 23 24 29 33 34 35 38 43 46 48 50 51 54 56 60 62 63 65 
12 10 15 17 20 21 25 28 36 37 38 39 40 41 44 46 47 51 52 54 56 57 58 59 64 
17 1 3 5 9 12 14 16 23 24 31 34 35 36 37 38 39 41 43 46 47 50 52 54 55 56 57 65 
25 1 3 5 7 13 16 19 20 22 25 29 33 36 38 39 41 43 44 47 52 53 54 56 59 60 62 63 
17 2 8 10 15 18 19 20 21 22 24 26 29 30 31 38 40 41 43 44 50 51 52 57 60 64 
22 3 4 5 11 16 19 22 24 28 31 34 35 38 41 42 43 44 45 46 47 48 50 51 53 58 59 60 63 
19 3 6 10 15 19 20 22 27 30 32 33 38 40 42 43 44 46 48 49 50 51 52 54 55 57 62 63 
24 1 6 8 9 12 14 16 17 18 21 26 31 37 38 42 45 48 50 53 54 56 58 62 
29 5 10 11 13 15 19 22 23 24 25 28 30 31 34 35 36 38 43 44 49 50 51 52 53 57 61 62 64 
10 1 8 9 15 19 25 26 29 31 38 39 41 45 46 47 61 62 63 
23 2 4 7 12 15 22 23 26 29 31 33 38 40 41 42 44 48 51 55 60 63 65 
27 3 4 6 8 11 12 13 14 16 17 20 21 24 27 28 31 32 34 37 38 41 44 45 49 61 65 
12 2 5 6 8 9 11 12 14 19 21 22 25 26 29 33 34 36 38 40 42 45 47 48 54 57 58 62 64 65 
14 1 4 5 9 12 15 19 20 23 32 34 35 38 40 45 46 48 50 51 53 55 58 59 60 61 62 63 64 65 
17 1 8 11 12 13 14 16 18 20 26 27 38 45 51 53 55 60 63 65 
20 3 8 10 16 18 21 26 27 29 30 31 33 36 38 41 47 48 49 51 52 57 62 
13 2 3 8 10 12 13 16 19 26 27 33 35 36 37 38 42 46 49 52 54 58 60 61 65 
18 2 3 5 7 9 11 16 17 20 26 28 35 36 37 38 39 41 44 46 48 49 58 59 61 65 
15 4 6 12 15 17 18 20 22 23 24 25 29 32 34 35 37 38 41 43 44 45 46 47 49 54 57 62 63 
26 4 7 14 19 22 23 24 32 36 38 39 45 46 48 49 50 51 52 53 55 56 59 64 
27 4 9 13 16 19 25 30 31 32 33 38 41 44 45 46 49 54 57 59 60 63 65 
17 3 7 8 11 12 17 18 20 23 26 34 37 38 40 42 45 46 47 50 52 55 56 62 64 
23 4 6 12 14 16 23 28 31 34 35 36 38 39 42 43 44 47 49 50 55 58 62 64 
11 1 2 7 10 12 13 15 16 17 18 19 23 28 30 35 38 39 40 41 47 48 53 55 60 61 65 
10 2 4 7 14 19 21 26 27 28 33 35 38 39 40 41 42 44 45 47 48 51 53 54 55 56 58 59 60 61 63 64 65 
29 1 8 11 14 18 20 23 24 28 32 36 38 39 42 43 45 47 49 51 54 55 
14 1 2 7 8 10 13 16 19 20 21 26 29 30 35 38 40 43 47 52 53 63 64 65 
14 1 2 8 10 13 16 21 24 25 26 30 31 32 34 37 38 40 41 43 46 48 50 51 53 56 58 60 61 62 63 
11 1 2 3 6 7 9 10 11 16 20 23 24 25 27 30 33 38 41 42 44 48 54 57 58 60 61 63 65 
11 6 9 10 15 19 24 25 26 29 35 38 40 41 42 46 47 49 54 57 58 59 63 
10 1 2 3 4 5 6 7 8 9 10 11 12 13 14 15 16 17 18 19 20 21 22 23 24 25 26 27 28 29 30 31 32 33 34 35 36 37 39 40 41 42 43 44 45 46 47 48 49 50 51 52 53 54 55 56 57 58 59 60 61 62 63 64 65 
23 2 3 5 7 9 10 11 17 25 27 30 31 32 33 38 43 44 50 52 56 57 59 60 63 
18 2 3 4 7 9 12 14 18 20 21 29 31 32 34 35 37 38 43 46 47 52 54 55 58 59 63 64 
17 2 4 9 10 11 12 13 17 18 19 23 25 26 28 31 32 35 36 37 38 42 43 44 48 52 56 60 
24 3 7 13 14 15 18 20 24 29 30 32 33 36 37 38 41 45 46 48 49 50 51 53 55 56 59 62 
13 2 8 10 11 12 13 14 16 26 30 33 34 35 38 39 40 41 46 49 52 54 58 60 63 
11 4 5 9 11 12 13 14 16 18 19 25 26 28 30 32 36 38 39 41 45 46 50 51 53 55 56 58 61 62 63 65 
25 3 5 7 13 15 17 19 20 21 22 26 27 28 29 32 33 38 42 44 46 52 57 58 59 61 64 65 
26 1 3 4 5 8 9 10 13 14 17 21 24 25 26 27 28 29 35 37 38 40 42 43 44 45 48 50 53 54 57 61 63 65 
11 2 3 7 9 10 11 13 17 20 23 26 29 30 31 32 33 34 37 38 40 48 55 56 57 60 61 65 
19 1 2 4 7 8 13 14 15 18 20 21 23 25 27 31 32 35 36 38 41 42 46 47 49 53 54 55 58 62 
15 3 4 14 16 19 23 24 25 26 27 28 30 33 37 38 42 43 48 53 54 57 59 61 65 
16 5 7 8 10 12 13 14 15 16 21 27 29 30 35 38 39 42 44 46 55 58 59 61 
25 2 3 4 5 6 7 8 9 12 13 14 16 18 21 22 23 27 32 33 35 38 42 44 55 58 63 
28 1 4 7 9 10 11 12 14 16 23 24 27 29 34 38 39 40 41 43 45 53 61 
12 2 3 5 6 7 11 13 15 16 21 22 27 31 32 34 35 38 42 44 46 48 49 52 55 64 65 
20 3 4 5 7 8 9 10 11 14 15 20 24 26 28 32 33 36 37 38 40 43 46 48 49 64 65 
13 2 3 4 5 10 14 18 21 22 27 29 30 31 32 33 38 40 42 44 47 48 50 51 53 56 57 58 60 64 
11 1 8 9 10 11 15 27 29 32 35 38 39 41 42 44 47 55 57 58 
25 2 3 4 7 9 10 12 14 16 20 23 26 28 36 37 38 39 45 46 47 49 55 56 59 61 62 63 64 
29 3 5 9 13 15 20 21 24 25 30 32 35 36 37 38 40 43 44 45 48 50 51 55 56 61 63 
16 1 3 9 11 13 21 25 27 28 32 37 38 39 40 42 45 49 50 57 61 62 63 
10 2 5 6 7 8 11 12 13 18 21 22 24 28 31 32 35 36 38 39 41 43 47 55 64 
10 3 4 16 17 19 21 24 25 31 32 35 36 38 44 45 46 47 49 50 52 57 58 59 63 65 
14 2 3 5 6 7 8 11 14 15 16 17 20 21 23 26 29 30 35 38 42 44 48 57 59 63 64 
10 3 8 11 13 14 17 18 21 22 26 28 32 34 35 36 37 38 39 40 43 44 46 51 57 58 59 61 62 
12 2 3 5 9 12 16 20 21 27 29 30 32 34 38 40 45 53 54 55 57 60 62 65 
15 7 8 10 18 19 20 21 22 24 25 28 31 32 34 36 38 44 45 46 47 49 53 54 61 64 
070
11 3 5 6 8 10 11 12 13 16 18 23 25 26 31 32 35 37 41 42 49 52 54 56 58 62 63 64 65 67 68 69 
21 5 6 10 13 14 17 18 19 21 23 27 28 30 31 33 38 39 41 45 46 47 49 55 57 61 62 
18 1 5 8 10 14 22 25 29 30 31 43 47 48 49 57 60 61 62 64 65 66 70 
18 5 6 7 13 17 18 19 20 21 23 26 30 32 35 40 47 51 58 60 62 63 64 65 67 68 70 
17 1 2 3 4 6 7 8 9 10 11 12 13 14 15 16 17 18 19 20 21 22 23 24 25 26 27 28 29 30 31 32 33 34 35 36 37 38 39 40 41 42 43 44 45 46 47 48 49 50 51 52 53 54 55 56 57 58 59 60 61 62 63 64 65 66 67 68 69 70 
12 1 2 4 5 8 15 18 19 28 29 31 34 38 39 45 46 48 49 52 56 57 59 60 62 63 66 70 
22 4 5 15 16 17 21 25 26 27 30 32 33 35 36 38 39 40 43 44 47 48 54 55 60 61 63 
16 1 3 5 6 11 12 13 14 18 21 24 25 27 28 30 35 43 44 45 50 51 53 56 57 59 63 64 69 70 
16 5 10 12 14 15 18 19 21 22 23 28 31 32 33 41 42 44 46 47 50 52 60 63 64 66 68 70 
18 1 2 3 5 9 13 15 16 21 23 24 28 33 35 36 38 39 41 45 51 52 56 60 63 64 65 68 70 
18 1 5 8 16 22 23 24 29 31 34 36 40 52 54 60 62 64 65 66 67 
24 1 5 8 9 16 18 19 22 25 26 29 33 36 37 39 43 46 48 55 63 64 66 
23 1 2 4 5 8 10 17 20 24 30 31 32 34 39 48 50 55 61 63 70 
22 2 3 5 8 9 21 23 24 29 30 33 34 37 41 42 43 46 50 52 55 56 57 58 60 61 63 64 67 68 69 
10 5 6 7 9 10 16 22 25 26 27 29 30 35 40 41 45 46 47 49 51 52 53 54 55 57 58 62 64 65 69 
25 1 5 7 10 11 12 15 23 25 27 28 33 39 40 41 42 44 46 47 52 57 58 60 62 66 
13 2 4 5 7 13 19 20 24 25 26 27 29 30 33 34 35 40 41 45 50 52 54 59 63 64 66 68 70 
15 1 2 4 5 6 8 9 12 20 22 24 26 29 35 37 38 43 45 50 51 52 53 54 57 60 63 64 65 67 68 69 
26 2 4 5 6 9 12 17 20 26 37 40 41 45 46 47 48 49 54 56 57 58 64 66 67 68 
21 4 5 13 17 18 19 21 22 23 26 28 30 31 32 35 36 41 42 45 48 55 57 61 63 65 66 67 
29 2 4 5 7 8 9 10 14 20 25 26 29 31 36 37 40 42 45 46 47 48 49 54 56 57 60 66 68 69 70 
18 3 5 9 11 12 15 18 20 23 32 33 35 37 42 43 47 51 61 65 70 
12 1 2 4 5 9 10 11 14 16 20 22 26 30 33 35 36 38 45 48 50 56 57 59 67 
29 5 8 10 11 13 14 17 18 31 32 33 34 36 37 40 41 47 49 52 54 59 62 65 
12 1 3 5 7 8 12 15 16 17 21 26 30 31 32 34 39 45 46 47 52 58 60 68 69 70 
26 1 4 5 7 12 15 17 18 19 20 21 23 25 27 30 34 36 37 39 42 45 47 48 56 57 59 61 64 68 69 
11 2 5 7 8 15 16 17 26 28 40 42 44 46 48 52 54 55 56 60 64 66 68 
19 2 5 6 8 9 10 16 20 27 29 31 38 40 46 50 52 58 60 62 
26 3 5 6 11 12 14 15 17 18 21 28 31 40 41 43 44 45 46 48 51 55 59 63 66 67 
12 2 3 4 5 7 8 13 14 15 17 20 23 25 26 31 35 36 43 44 46 49 51 54 55 56 58 63 64 65 69 
20 1 2 3 5 6 9 11 13 20 21 24 25 28 29 30 32 33 34 38 39 41 50 51 52 55 57 60 62 63 64 65 69 
14 1 4 5 7 9 13 20 22 24 25 31 34 37 39 44 45 47 48 51 52 53 55 56 57 58 60 64 67 70 
26 2 5 7 9 10 12 14 16 17 22 23 24 31 37 38 39 40 41 42 43 44 46 50 52 53 56 57 62 63 67 69 
19 5 6 11 13 14 17 24 25 26 31 32 36 41 44 46 48 49 50 52 57 58 60 
23 1 4 5 7 8 10 15 17 18 20 22 23 30 38 43 44 45 46 47 52 55 57 59 60 61 62 64 70 
27 5 7 10 11 12 20 21 23 24 26 30 34 37 46 48 51 56 59 60 62 63 64 66 67 70 
18 1 5 12 14 18 19 21 22 24 26 32 33 36 44 48 50 51 53 57 59 65 66 
26 2 5 6 7 10 18 23 28 31 33 35 39 46 52 54 56 61 68 70 
13 2 5 6 7 10 12 13 16 25 26 31 32 33 38 42 46 53 54 58 59 62 64 65 66 69 
21 4 5 7 11 15 16 17 19 21 24 27 28 29 33 44 49 50 53 54 62 63 68 70 
26 1 2 5 9 10 14 15 16 17 19 20 24 29 31 33 34 45 47 48 55 60 61 64 65 67 68 69 
13 1 5 9 14 16 20 21 22 26 27 33 39 43 47 50 51 52 58 62 63 67 68 69 70 
23 3 5 7 8 12 14 18 22 29 30 33 35 42 44 45 52 53 54 57 59 62 64 65 68 
18 5 7 8 9 16 27 29 30 32 33 34 35 37 40 43 49 52 53 56 57 58 61 62 64 65 67 69 70 
21 2 5 6 8 10 15 17 18 19 20 21 23 25 26 29 32 35 41 43 49 53 55 57 61 67 68 69 70 
23 2 5 6 9 12 14 15 16 19 21 25 27 28 29 30 33 34 35 36 38 39 49 53 56 58 67 
26 2 3 4 5 7 9 15 16 19 21 22 24 25 26 32 35 41 42 51 52 53 54 55 56 57 58 62 64 66 69 
18 3 5 6 7 12 13 19 20 21 23 26 27 29 32 34 36 37 41 49 51 53 54 55 56 58 59 60 62 63 64 65 66 
18 1 2 3 5 6 15 19 21 24 30 34 40 44 45 46 48 53 56 57 59 61 62 65 67 69 
20 5 8 9 13 14 17 18 23 28 31 33 34 37 40 42 59 63 64 68 69 
26 4 5 8 10 15 18 22 29 30 31 32 36 37 42 47 48 53 57 59 60 63 65 66 67 69 70 
27 1 5 6 9 10 11 14 15 16 17 18 24 25 27 28 31 32 33 34 35 38 42 43 44 47 53 54 58 60 61 62 63 70 
11 5 8 15 18 32 33 37 39 40 43 44 45 46 47 48 49 51 52 54 56 62 63 65 66 68 69 70 
18 1 5 7 11 15 17 18 19 21 24 27 30 38 39 40 43 47 48 52 53 60 62 63 66 
11 2 5 7 12 13 14 15 20 27 29 30 31 32 35 41 45 47 48 57 61 62 
25 1 5 6 8 10 14 19 21 23 26 27 30 32 33 36 38 44 46 47 48 49 53 57 59 61 63 68 
18 2 3 5 6 8 14 15 16 18 19 20 21 23 26 31 32 33 34 35 37 43 44 45 47 49 51 55 56 58 61 62 63 64 67 69 
29 1 4 5 14 15 16 19 25 28 30 32 34 39 42 44 46 47 48 52 57 61 64 65 67 
20 5 6 8 17 23 24 26 29 35 36 37 39 43 48 49 50 51 56 62 67 68 
11 3 4 5 6 7 9 10 11 14 16 18 21 25 27 28 31 32 34 35 36 41 48 51 52 54 61 63 65 67 68 69 
21 2 3 5 7 13 14 20 22 26 35 38 41 44 45 49 52 55 56 57 58 60 63 64 65 66 67 
20 1 2 3 4 5 6 11 15 16 24 28 31 33 35 36 39 40 42 43 44 47 48 49 52 53 54 55 57 59 69 
15 1 4 5 6 7 8 9 10 12 13 14 17 18 20 29 30 31 33 36 40 42 48 50 51 52 53 54 56 57 60 61 65 68 
14 1 3 4 5 8 9 10 11 12 14 15 17 18 19 26 27 30 31 32 35 36 39 41 43 44 47 48 50 57 58 61 66 
29 1 3 4 5 10 11 15 18 20 22 24 30 31 37 39 41 43 44 48 49 51 53 58 60 61 63 66 68 
18 3 5 6 9 11 12 16 17 19 20 21 27 29 36 37 39 47 48 51 53 54 61 64 65 69 
29 1 4 5 11 14 18 19 20 23 29 32 33 36 41 42 44 45 46 49 51 57 58 59 60 61 69 
26 1 4 5 9 10 14 17 18 19 21 25 26 27 38 40 41 42 43 45 50 53 56 59 60 63 65 
13 1 5 8 14 15 18 21 25 26 30 31 33 39 41 42 44 45 47 49 50 51 53 57 60 62 66 67 
24 3 4 5 6 8 9 10 13 17 21 22 25 32 35 36 38 40 42 44 45 51 52 53 
075
17 3 6 7 10 15 18 19 20 21 22 24 25 28 31 35 38 40 46 50 51 52 55 56 58 59 64 66 69 72 74 
20 10 12 13 17 18 25 30 31 33 38 39 40 43 47 48 49 51 53 54 57 59 62 72 74 
13 1 6 8 9 10 11 12 14 16 18 20 22 23 28 29 30 32 33 36 41 43 45 56 57 59 60 62 65 66 75 
13 7 10 12 13 17 18 20 21 22 23 24 25 29 30 31 36 44 45 48 50 54 55 57 61 62 65 66 68 73 75 
29 9 11 18 19 20 25 26 27 29 30 31 33 34 35 36 39 40 44 46 49 53 55 56 62 66 67 68 71 73 
22 1 3 7 11 12 13 18 22 23 25 27 28 29 37 38 39 41 42 50 52 53 56 62 63 67 69 75 
29 1 4 6 11 15 16 17 18 19 24 27 28 30 31 39 40 48 49 50 53 54 55 59 60 64 66 67 68 70 73 74 
25 3 10 14 15 17 18 23 28 31 32 36 39 42 48 49 50 52 55 56 57 59 60 62 71 72 75 
18 3 5 10 13 18 19 24 29 30 32 34 35 36 38 40 43 45 46 49 52 53 59 61 64 65 69 72 75 
24 1 2 3 4 8 9 12 17 18 29 30 32 34 35 40 45 47 49 52 54 60 64 67 68 71 74 75 
22 3 5 6 7 12 14 16 18 24 28 29 30 33 36 41 42 44 48 56 59 60 61 62 68 69 74 75 
11 2 3 4 6 10 11 15 16 18 22 23 26 27 29 30 33 35 38 45 46 47 49 51 55 56 64 69 72 74 
28 2 4 6 9 18 20 23 25 26 29 31 34 35 37 38 41 43 44 45 47 49 53 56 64 66 70 73 74 75 
19 3 8 11 17 18 21 24 27 30 34 36 37 38 40 41 42 44 47 50 51 54 59 60 61 62 63 66 67 71 72 
17 1 7 8 12 17 18 21 22 23 24 26 27 33 35 36 47 48 51 60 63 64 65 66 68 71 
28 3 7 11 12 17 18 20 22 24 34 35 37 38 40 50 51 55 58 59 61 62 66 70 71 74 
28 2 4 7 8 10 14 15 16 18 19 20 22 23 25 27 28 32 34 40 41 42 45 46 48 51 53 62 63 68 70 73 75 
28 1 2 3 4 5 6 7 8 9 10 11 12 13 14 15 16 17 19 20 21 22 23 24 25 26 27 28 29 30 31 32 33 34 35 36 37 38 39 40 41 42 43 44 45 46 47 48 49 50 51 52 53 54 55 56 57 58 59 60 61 62 63 64 65 66 67 68 69 70 71 72 73 74 75 
15 1 5 7 9 17 18 21 22 25 26 29 31 32 36 38 54 55 59 60 62 64 69 73 74 75 
14 1 3 4 5 13 16 17 18 27 28 31 32 34 35 36 40 43 44 45 48 49 50 51 52 54 60 61 64 72 73 
11 1 4 14 15 18 19 22 23 25 28 29 30 32 33 34 37 41 42 45 49 51 52 61 67 73 75 
19 1 3 4 6 12 15 16 17 18 19 21 25 33 36 37 41 42 44 48 50 53 55 56 58 59 60 65 72 73 
11 3 4 6 8 12 13 15 17 18 21 24 30 31 37 38 47 48 50 55 56 57 59 60 64 67 69 72 73 74 
25 1 4 7 9 11 14 15 16 18 23 26 27 32 33 35 42 45 47 49 57 62 64 66 67 68 69 70 72 74 75 
22 1 2 4 5 6 13 17 18 19 21 22 30 31 35 38 40 41 42 43 50 53 56 57 61 65 68 73 75 
14 5 12 13 15 18 19 24 29 33 37 38 44 45 47 48 49 55 57 59 60 61 62 65 68 70 71 75 
15 5 6 7 12 14 15 17 18 20 24 29 33 34 38 41 43 46 47 48 49 52 56 57 58 60 61 63 66 70 71 74 75 
27 1 3 6 7 8 11 17 18 20 21 29 31 37 38 41 43 45 46 48 51 53 54 55 57 60 63 64 67 68 70 72 
27 3 4 5 6 9 10 11 12 13 18 19 21 26 27 28 30 31 32 33 38 39 40 42 45 46 49 53 54 58 60 63 64 67 72 73 
19 2 3 4 5 7 9 10 11 12 14 18 21 23 25 29 31 35 36 37 39 41 42 43 53 56 57 58 61 62 67 69 71 73 74 
20 1 2 4 5 7 8 13 18 19 20 23 25 28 29 30 35 36 39 41 48 49 51 53 54 55 57 58 68 69 70 75 
27 3 8 9 10 17 18 19 20 21 24 29 37 44 50 51 53 54 55 58 60 61 62 65 72 75 
19 2 3 5 11 12 15 18 21 22 24 26 27 29 34 35 36 38 40 45 49 50 53 56 59 62 66 68 69 72 
14 5 9 10 13 14 16 17 18 20 21 27 33 35 36 41 46 47 51 52 56 59 62 63 64 65 66 69 70 73 74 
26 1 5 9 10 12 13 15 16 18 20 24 25 30 31 33 34 38 42 43 44 45 46 47 50 52 53 55 59 60 62 64 66 68 70 72 75 
15 3 4 5 8 9 11 14 15 18 19 20 22 30 31 33 34 37 38 39 41 49 51 52 53 57 58 60 65 67 68 69 72 
24 6 13 14 16 18 21 22 23 26 28 30 32 36 38 39 43 45 46 48 50 55 56 60 62 68 69 70 74 75 
14 1 2 6 9 12 13 14 16 18 19 23 25 26 27 28 29 33 35 36 37 45 50 52 55 56 58 69 70 72 74 75 
22 2 5 6 7 8 18 29 30 31 36 37 42 44 45 46 47 49 53 54 57 58 59 61 63 65 67 71 
10 1 2 5 7 9 10 14 16 17 18 20 25 29 33 42 45 50 51 56 58 65 
28 3 6 11 13 14 17 18 21 22 25 27 28 30 31 34 36 42 46 47 49 50 55 62 64 65 67 71 
20 6 8 11 14 17 18 21 22 24 25 29 30 35 39 40 41 43 44 47 49 56 57 58 59 60 64 66 69 72 74 
16 2 3 9 13 18 20 25 27 28 30 35 37 42 44 45 46 48 49 50 54 55 57 60 65 66 70 72 
11 4 5 11 13 14 18 20 22 26 32 35 39 42 43 46 49 51 52 54 56 59 61 64 67 69 75 
28 3 4 9 10 12 13 17 18 20 21 24 26 28 29 33 35 37 38 39 40 43 49 51 52 54 58 60 64 72 75 
27 1 5 9 12 17 18 27 28 29 34 35 37 39 41 43 44 47 54 56 57 59 62 64 67 68 73 74 
14 2 10 12 13 14 15 18 23 24 26 27 34 35 39 41 42 46 54 56 59 60 62 63 67 70 71 74 
10 2 4 7 8 11 15 17 18 20 22 23 26 27 28 31 37 43 53 58 62 65 68 70 72 74 75 
22 2 5 7 8 9 10 12 13 18 20 21 24 26 27 29 31 33 36 39 41 42 43 44 45 50 53 55 57 64 65 67 74 75 
29 1 4 6 7 8 14 16 18 20 22 23 25 32 33 35 37 38 40 41 43 49 51 55 58 61 67 68 75 
19 1 2 12 14 15 16 17 18 20 21 28 31 32 34 36 40 44 45 50 52 54 55 58 59 61 65 69 72 73 75 
10 1 6 8 9 10 18 20 21 27 34 35 36 38 44 45 51 55 60 61 65 66 67 68 70 71 72 
14 2 5 6 7 9 13 17 18 22 25 28 29 30 31 32 33 35 36 39 48 49 59 62 65 66 67 73 74 
24 2 4 7 10 14 18 19 20 28 29 31 32 39 43 44 45 46 47 51 57 58 60 63 71 72 74 
26 1 4 5 7 8 12 16 18 19 22 23 26 28 31 32 35 37 38 41 43 49 50 51 52 57 67 68 69 70 72 73 
23 1 3 5 6 8 11 12 13 18 22 23 25 27 30 33 34 37 38 40 42 44 46 47 58 60 66 69 71 73 
10 2 3 4 8 18 23 24 25 26 27 28 30 31 36 39 42 43 46 49 54 55 59 60 61 62 65 67 70 73 
18 1 16 18 22 27 29 30 31 32 36 38 39 40 42 45 48 50 51 54 56 61 62 64 67 74 75 
21 1 2 3 7 8 9 11 14 16 18 19 22 23 26 33 34 35 39 42 44 46 47 51 53 57 60 61 65 66 67 68 69 70 71 72 73 75 
29 3 7 8 10 11 14 15 18 19 20 22 23 26 27 28 29 32 35 36 37 42 43 45 47 52 54 56 57 59 61 63 64 67 68 70 71 72 73 74 
28 4 9 11 14 16 18 20 21 25 26 27 30 32 39 44 50 51 52 57 58 59 60 65 72 
29 2 3 4 5 6 8 11 14 16 17 18 19 24 26 30 32 33 34 35 37 41 46 47 48 53 57 58 65 69 71 74 
14 6 14 15 17 18 27 28 29 34 39 47 54 60 64 75 
25 1 7 9 10 12 13 15 18 19 20 23 24 28 29 34 35 41 42 44 45 46 49 58 60 63 65 67 71 73 75 
27 3 4 9 15 18 22 25 26 32 34 36 39 40 41 43 48 49 51 52 53 57 59 61 62 64 66 71 74 
13 1 3 4 5 7 13 14 15 16 18 24 27 33 34 35 42 43 52 53 56 59 65 67 71 74 75 
18 5 6 7 10 14 18 21 23 24 28 29 30 36 39 41 44 46 47 49 50 52 53 55 57 58 59 60 64 66 69 71 72 73 75 
13 4 5 7 10 11 15 17 18 24 25 26 28 31 33 35 36 37 46 48 50 52 55 59 60 69 70 71 72 
27 1 6 9 11 12 18 19 23 24 30 31 33 34 36 37 38 42 44 51 55 56 59 62 67 68 71 72 
10 7 13 16 17 18 24 26 27 28 31 34 35 37 38 43 47 48 52 55 57 59 60 68 71 75 
13 5 8 10 14 15 16 18 26 27 30 39 41 47 52 54 56 59 60 62 64 65 66 67 68 69 70 73 
11 1 2 8 9 12 14 18 20 22 23 24 28 29 32 33 35 36 38 42 43 45 48 51 52 54 55 59 60 61 67 68 69 73 74 
11 4 5 7 13 17 18 19 20 21 22 23 25 29 30 34 46 51 53 55 56 57 59 60 64 67 71 72 
17 1 2 7 10 11 12 13 16 18 19 23 24 27 30 34 37 38 42 46 47 48 49 53 54 58 60 62 65 66 72 
22 3 4 6 8 9 10 11 13 17 18 19 21 24 25 26 27 31 32 35 37 38 44 45 48 49 50 51 58 59 63 64 66 67 70 
080
11 3 6 9 13 18 20 22 23 29 31 32 33 34 39 41 43 48 50 51 53 56 63 66 71 72 78 
29 5 6 7 8 13 15 17 20 21 22 23 26 27 31 36 38 39 40 41 42 46 47 48 49 50 52 53 55 56 57 67 70 
27 1 14 20 22 24 25 26 30 32 37 38 39 42 43 48 51 56 57 62 65 66 68 70 77 
25 6 7 8 15 23 25 27 28 30 34 36 41 45 46 48 51 53 55 58 59 60 61 65 71 73 74 75 76 78 80 
15 2 8 10 11 13 14 15 16 19 20 23 27 28 29 30 39 40 41 42 43 48 50 54 62 63 65 72 77 80 
10 1 2 4 10 11 13 16 17 19 20 21 22 32 33 35 40 42 44 47 48 51 53 54 55 56 62 63 65 69 70 73 80 
17 2 4 12 16 17 18 19 26 31 36 40 42 45 46 47 48 49 57 60 61 62 63 64 68 71 74 78 79 80 
22 2 4 5 10 11 13 14 15 20 21 22 23 26 36 37 39 41 46 48 49 52 53 57 59 60 61 62 63 64 67 68 69 70 72 76 78 80 
21 1 10 12 16 17 19 20 22 24 29 31 32 33 35 40 42 48 50 54 64 66 67 68 69 70 72 73 75 78 
10 5 6 8 9 12 13 18 20 21 22 23 25 27 29 30 38 40 43 44 46 48 51 52 53 59 60 62 63 64 67 69 70 71 73 74 76 77 79 
24 5 6 8 13 16 17 19 20 22 23 24 26 27 28 30 31 35 37 38 39 41 44 45 48 49 50 52 56 58 65 67 68 69 73 75 76 77 80 
17 7 9 10 13 18 19 22 24 25 31 33 34 40 41 42 43 44 47 48 49 52 56 57 61 63 64 66 69 70 71 72 74 75 77 79 80 
16 1 2 5 6 8 10 11 12 18 19 22 26 29 30 35 39 40 42 43 46 48 52 53 55 57 59 61 63 64 65 66 67 68 71 74 76 77 78 
27 3 5 8 18 21 22 25 27 29 31 34 36 37 38 41 42 44 45 48 49 50 55 58 64 67 71 72 75 76 77 
29 2 4 5 8 16 18 20 22 26 27 30 34 35 36 37 40 45 46 48 49 59 61 65 67 68 69 70 
20 5 6 7 9 11 15 18 19 21 24 27 29 30 34 35 39 41 44 45 46 47 48 50 54 55 56 57 59 62 67 74 80 
16 2 6 7 9 11 20 22 23 25 26 28 34 41 42 45 46 48 51 55 56 59 61 62 63 68 73 75 77 78 79 
11 1 7 10 12 13 14 15 16 21 24 25 28 34 35 40 41 42 43 46 48 51 54 55 57 58 60 62 63 68 72 74 78 
10 5 6 7 9 11 12 13 16 20 21 27 29 32 33 35 36 37 38 47 48 50 52 53 56 57 58 59 67 70 71 73 74 77 
24 1 2 3 5 6 8 9 10 11 15 17 19 21 23 25 27 34 37 38 42 43 45 48 50 56 57 58 59 62 68 71 72 73 74 75 
13 2 6 8 10 14 16 18 19 20 25 27 28 31 32 34 35 36 37 38 40 41 48 49 52 54 56 59 60 65 68 69 75 
12 1 2 3 6 8 9 10 11 12 13 14 15 17 23 26 29 31 37 38 41 45 46 48 50 51 52 55 60 61 63 65 66 67 68 69 70 71 79 
25 1 2 4 5 8 10 11 17 20 22 25 27 29 30 34 35 37 42 43 48 53 54 55 57 59 65 68 69 70 76 80 
22 3 9 11 12 16 18 28 30 32 33 35 38 44 45 46 47 48 51 52 53 54 56 59 60 64 72 76 78 80 
25 3 4 10 12 14 17 18 20 21 23 27 33 37 38 41 42 44 46 48 49 50 51 59 65 66 67 68 71 78 
22 2 3 7 8 11 13 15 17 22 32 37 42 43 45 48 49 53 57 61 64 65 69 70 71 72 73 75 77 78 79 
28 2 4 5 10 11 14 15 16 19 20 21 23 25 30 33 36 38 44 45 46 47 48 51 52 56 61 62 65 72 73 80 
21 4 5 11 17 18 21 24 31 34 35 36 37 39 41 43 45 48 49 55 56 59 60 62 64 69 74 75 76 77 80 
10 1 5 9 10 13 14 16 19 22 23 33 42 45 48 50 53 54 55 57 58 59 61 65 69 71 73 76 78 79 
15 3 4 5 10 11 13 15 16 23 24 27 34 45 46 48 49 51 52 53 54 55 58 63 64 66 70 74 76 
29 1 2 7 9 11 12 14 21 22 28 32 36 37 40 43 44 48 50 51 53 54 56 59 60 61 64 65 71 75 78 
18 1 3 6 9 19 21 24 26 31 33 37 40 41 43 44 45 48 52 57 59 60 61 65 69 70 72 74 77 
17 1 6 9 12 19 24 25 27 29 32 36 37 40 47 48 49 50 51 54 55 60 61 70 72 77 
22 1 4 12 14 15 16 17 18 20 21 23 28 30 35 36 37 38 39 41 46 48 50 51 56 59 60 64 65 70 74 76 79 80 
26 6 9 11 13 15 16 18 19 21 23 24 28 34 37 39 41 43 48 49 52 56 57 59 60 61 63 65 66 69 
14 2 4 7 8 14 15 19 21 27 28 31 33 34 37 41 44 46 48 51 52 57 59 63 69 72 73 77 
14 3 8 11 14 15 19 20 21 22 23 25 26 28 31 32 33 34 35 36 41 42 48 52 53 57 63 66 68 73 76 79 
28 2 3 10 11 14 19 20 21 22 24 25 27 34 40 41 42 48 51 52 53 55 57 61 68 70 72 80 
24 1 2 3 5 8 11 13 16 28 34 35 41 44 48 51 54 56 57 58 65 67 68 70 71 77 
18 2 5 6 7 9 10 12 13 15 18 21 31 32 33 38 48 51 53 54 55 57 62 64 65 70 71 73 
13 1 2 4 5 8 11 12 14 16 17 18 21 22 25 28 32 34 35 36 37 38 39 42 43 44 46 48 49 50 52 54 57 58 60 65 74 79 80 
14 2 3 5 6 7 9 12 13 14 17 18 20 23 25 26 29 37 38 41 45 48 51 61 62 64 71 74 77 78 
13 1 3 5 10 12 13 18 20 23 26 28 31 32 35 41 48 49 51 53 54 55 57 58 60 62 65 66 73 75 79 
18 6 10 11 12 14 16 24 25 27 31 32 36 39 41 48 52 54 55 57 63 64 65 66 67 68 71 72 73 75 76 
17 4 7 11 14 15 16 17 20 22 24 26 27 28 29 30 32 42 46 48 49 50 54 56 59 65 67 72 74 75 
10 2 4 7 8 10 13 15 16 17 18 22 24 25 27 30 34 36 41 45 47 48 50 55 60 65 66 67 69 72 73 78 79 80 
15 2 6 7 12 16 19 24 27 33 46 48 51 53 57 58 60 62 63 66 68 72 75 76 
12 1 2 3 4 5 6 7 8 9 10 11 12 13 14 15 16 17 18 19 20 21 22 23 24 25 26 27 28 29 30 31 32 33 34 35 36 37 38 39 40 41 42 43 44 45 46 47 49 50 51 52 53 54 55 56 57 58 59 60 61 62 63 64 65 66 67 68 69 70 71 72 73 74 75 76 77 78 79 80 
10 2 7 8 11 12 14 15 21 25 26 28 30 33 35 41 43 45 48 52 56 58 68 73 76 77 78 79 
10 1 2 5 9 11 14 16 19 20 22 25 29 31 33 34 41 45 46 48 51 54 58 60 62 65 67 70 73 74 76 77 79 80 
21 1 3 4 6 10 17 18 22 24 25 27 30 31 33 34 36 38 39 40 42 43 47 48 50 55 57 58 59 63 65 66 70 71 72 73 75 
28 2 8 10 11 12 13 19 21 22 24 27 30 32 35 36 37 38 41 44 48 49 54 57 58 59 69 70 76 78 80 
18 1 2 4 6 8 10 13 19 23 24 26 29 30 31 37 38 40 43 47 48 55 56 65 68 71 73 74 76 79 80 
22 5 6 9 16 18 21 23 24 29 30 31 33 39 40 41 43 44 45 48 50 52 56 57 58 59 62 63 65 66 75 80 
23 2 4 6 13 14 16 17 18 22 23 28 29 30 33 38 40 43 44 46 48 51 53 56 59 60 62 65 66 69 70 71 72 73 74 75 76 78 
28 1 2 3 6 11 12 16 17 19 20 21 24 27 28 31 34 35 39 45 48 49 53 54 55 57 58 60 65 70 73 75 76 77 
14 2 3 7 8 12 13 16 18 19 20 23 26 29 32 35 36 37 38 39 40 41 43 44 47 48 51 52 54 56 60 61 62 65 66 68 70 73 75 77 78 79 80 
27 4 11 14 18 19 20 29 30 39 41 43 47 48 49 50 51 52 54 56 59 61 65 68 72 73 74 75 77 79 
10 4 8 10 13 15 16 17 19 20 21 23 24 25 28 29 31 32 34 35 36 45 48 51 52 54 55 58 61 62 63 64 65 69 73 74 75 78 
19 4 7 8 10 18 21 22 24 28 31 32 33 34 35 41 43 46 47 48 50 55 56 57 62 63 65 67 69 70 71 73 74 77 79 
24 4 7 8 12 13 15 17 22 26 27 29 31 32 33 35 38 42 48 57 58 59 64 65 67 68 71 76 77 78 
18 3 5 6 7 8 10 16 17 18 20 27 28 40 42 43 47 48 50 54 55 57 59 60 63 65 66 67 69 72 75 76 78 
15 1 5 6 7 8 10 12 13 17 18 22 30 35 36 37 44 47 48 51 54 59 60 62 65 68 77 
23 7 8 9 10 12 13 14 24 26 28 30 31 34 40 42 44 48 59 61 65 69 72 74 76 77 
23 3 4 5 6 11 13 15 21 22 23 25 26 27 29 31 32 34 35 39 40 41 43 44 45 46 48 50 51 53 54 55 56 57 58 59 60 61 62 63 64 69 73 74 76 77 
15 1 3 9 12 13 22 25 30 35 37 43 44 46 47 48 51 54 55 57 62 67 69 71 72 73 78 79 
12 2 8 9 10 11 13 14 15 16 19 22 25 39 44 45 46 48 50 60 61 62 66 72 73 77 78 79 
20 3 7 8 9 11 13 15 17 18 20 21 22 23 25 37 38 39 44 47 48 49 53 57 58 61 63 69 71 72 75 77 
28 6 8 9 10 11 12 15 21 22 23 26 28 29 32 35 36 46 48 52 55 59 60 62 64 65 66 68 71 73 77 79 
22 2 3 6 8 9 10 12 15 19 22 23 26 30 32 33 34 38 39 40 48 50 51 52 55 56 57 60 71 73 74 
17 1 4 7 10 12 13 14 19 20 22 25 26 29 31 39 40 42 44 48 51 53 55 60 61 66 68 69 70 76 80 
14 1 5 8 9 12 14 18 20 24 26 27 32 33 36 38 44 45 46 47 48 51 55 58 62 64 66 67 68 75 76 78 
24 4 6 9 10 11 17 19 20 26 27 29 36 37 40 43 44 46 48 49 50 51 53 55 56 57 58 59 60 65 66 67 69 70 75 78 
10 4 7 10 12 13 16 18 19 20 28 30 32 34 41 42 45 48 50 53 55 58 59 60 64 65 70 
16 4 9 11 12 14 17 20 21 26 28 31 43 44 45 47 48 51 54 55 56 57 58 59 62 68 72 73 78 
19 4 8 10 11 13 14 23 24 28 29 30 34 37 44 47 48 49 50 52 53 55 56 61 62 64 65 71 72 79 80 
28 3 5 10 11 12 13 14 17 19 26 28 32 33 36 39 42 48 49 50 56 57 58 60 61 63 64 65 67 68 69 
14 1 4 7 8 9 13 17 18 24 25 26 29 31 42 46 48 49 52 55 57 59 61 62 66 67 72 73 75 79 
21 7 10 12 17 22 26 29 34 37 41 43 46 48 49 50 53 57 58 60 66 67 69 76 78 
26 4 5 6 7 8 11 12 16 23 24 27 28 34 38 41 46 48 50 52 53 54 57 71 76 
085
16 2 6 7 10 12 13 14 17 19 21 24 30 31 34 35 36 38 39 40 41 42 43 45 46 47 49 52 58 59 63 64 65 67 68 69 72 76 77 80 83 85 
11 1 10 11 13 15 18 21 24 25 28 29 32 35 36 37 39 40 45 47 50 54 56 58 64 65 71 73 74 75 79 83 85 
22 9 12 18 19 21 23 27 29 31 32 37 38 44 45 47 48 51 53 61 62 64 65 66 71 72 76 77 79 80 84 
15 5 7 8 11 14 15 17 19 20 22 27 30 37 38 41 47 49 51 52 54 56 58 59 66 69 70 71 74 77 78 81 82 84 
23 4 10 11 13 15 17 20 21 25 29 32 34 35 37 42 47 48 49 55 57 58 59 65 67 75 76 77 78 79 84 85 
25 1 16 21 30 33 36 37 39 45 46 47 51 52 54 55 58 60 64 65 70 72 73 75 78 79 82 84 
29 1 4 8 10 18 20 24 25 26 32 33 42 44 46 47 50 57 60 65 67 68 69 82 83 85 
16 4 7 11 15 19 20 25 27 33 34 36 37 38 39 41 43 46 47 48 56 57 58 64 66 67 68 75 78 80 84 
23 3 10 11 12 13 15 17 18 19 20 23 24 26 28 30 31 39 40 41 47 48 52 54 56 57 60 62 63 64 65 66 71 76 77 78 
19 1 2 5 7 9 12 14 16 20 24 25 27 34 36 40 41 42 46 47 48 50 57 62 65 66 69 71 72 74 77 84 
14 2 4 5 8 9 12 14 17 21 22 24 30 36 37 39 41 44 45 47 56 59 63 66 67 69 77 78 81 85 
27 1 3 9 10 11 16 18 19 20 27 28 29 32 35 37 42 43 44 47 49 54 57 58 60 61 62 69 71 72 75 78 79 82 
23 1 2 5 9 17 18 22 23 25 28 30 31 32 33 36 38 40 43 44 47 54 56 57 60 62 70 72 81 82 
12 1 4 10 11 15 16 19 21 25 26 30 32 33 38 39 41 42 43 44 47 52 53 56 59 60 63 64 65 66 69 70 73 74 76 
27 2 4 5 8 9 14 16 18 20 21 22 25 27 29 35 36 37 40 41 46 47 54 57 64 69 70 72 73 75 79 80 81 
17 6 10 12 14 15 20 21 22 23 29 34 36 40 41 43 44 45 47 52 56 57 62 63 64 66 71 72 75 79 83 
29 1 4 5 9 11 13 22 24 26 29 33 35 38 46 47 48 52 55 57 62 63 64 66 70 75 76 82 
23 2 3 7 9 12 13 15 19 21 22 25 27 30 32 33 35 37 38 47 51 53 54 55 57 61 67 68 73 77 80 85 
25 1 3 4 8 9 12 14 18 21 25 27 28 29 33 34 40 41 46 47 49 50 51 53 54 55 57 60 63 75 76 81 84 
12 4 5 7 8 9 10 12 15 16 23 24 26 27 30 31 38 43 45 47 50 51 52 54 55 56 57 58 60 62 63 64 65 67 72 73 75 78 81 83 84 
16 1 2 3 5 6 11 14 15 16 18 19 22 23 25 26 36 37 38 39 43 44 47 48 51 55 58 60 61 63 66 69 70 77 78 79 
21 4 11 13 15 16 17 18 21 25 32 35 36 38 40 42 44 45 46 47 49 50 53 64 65 67 69 70 73 74 81 82 84 85 
22 3 9 13 16 20 21 30 31 32 35 37 38 40 42 45 47 48 49 50 51 52 53 58 60 61 63 66 70 71 72 74 75 77 80 81 83 
21 1 2 7 9 10 11 17 20 25 28 33 40 42 43 46 47 49 51 53 57 62 63 64 67 69 70 73 76 78 81 82 84 
21 2 5 7 8 10 13 14 15 18 19 21 22 24 34 37 38 43 46 47 52 54 56 57 58 59 68 74 76 79 81 82 
11 7 9 14 17 20 21 27 31 37 40 41 43 47 49 50 51 53 56 57 59 60 62 64 66 67 69 72 76 77 78 79 81 82 83 85 
25 3 4 8 10 12 15 18 19 20 26 29 30 33 38 39 41 44 45 47 49 50 59 60 63 68 70 71 72 75 76 78 79 81 83 
20 2 9 12 13 19 24 30 31 34 37 39 41 44 47 49 51 53 56 57 58 59 60 63 65 69 70 73 75 77 84 
19 2 3 5 12 15 16 17 19 27 31 32 33 34 38 39 42 44 47 49 50 54 55 56 57 63 67 68 72 74 81 83 84 
21 1 4 6 9 11 13 14 18 20 23 27 28 31 39 44 47 48 50 54 55 57 58 59 61 63 64 67 68 71 72 76 80 84 85 
19 1 3 9 13 20 23 26 28 29 30 34 38 40 41 45 47 55 56 61 63 64 70 72 76 80 85 
12 2 3 5 7 12 13 14 18 22 23 29 38 41 43 44 45 47 52 53 54 55 57 58 63 67 71 72 73 74 75 76 84 85 
17 6 7 8 13 14 17 18 19 24 27 29 35 37 38 43 45 46 47 48 49 51 53 55 56 59 63 67 71 72 75 76 78 79 85 
18 1 5 8 10 16 19 25 28 29 31 36 39 44 47 48 49 52 54 55 56 58 59 60 61 63 66 69 70 71 73 75 76 80 84 85 
13 1 2 5 12 15 17 18 22 23 33 38 42 47 51 55 57 58 59 60 61 64 66 70 72 77 79 83 
19 1 2 6 8 10 11 13 15 16 21 22 34 38 39 40 41 42 46 47 48 51 52 57 58 59 61 62 66 67 73 75 80 82 83 85 
27 2 3 4 5 6 8 11 12 15 18 21 23 25 26 28 33 38 39 40 44 47 50 52 53 54 55 64 66 69 72 77 78 79 80 82 84 
16 1 3 4 8 13 14 17 18 20 21 22 23 25 27 29 31 32 33 35 36 37 42 47 48 52 53 54 57 60 62 66 68 70 71 72 73 75 80 82 
17 1 2 6 8 9 11 14 21 27 28 29 30 34 36 37 41 47 49 50 56 58 60 62 63 70 71 76 79 82 83 
24 1 2 9 10 13 15 16 19 22 23 24 26 31 36 37 41 45 46 47 49 55 57 65 71 74 75 78 80 83 84 85 
27 1 4 8 9 10 11 14 15 16 19 26 27 28 31 32 36 39 40 42 43 45 47 48 56 58 59 61 62 67 68 69 71 73 75 76 78 79 82 83 84 85 
14 1 5 7 10 12 14 22 23 24 29 35 36 38 41 46 47 50 53 54 60 62 64 68 69 73 77 78 79 82 84 
29 1 8 12 13 14 16 20 21 24 25 26 32 33 41 45 46 47 52 53 54 56 60 63 64 66 68 70 74 75 80 82 85 
17 3 7 11 12 13 14 16 21 22 27 28 29 30 32 34 37 45 46 47 49 52 53 54 59 63 66 67 71 76 77 83 
19 1 2 3 6 11 16 20 22 23 27 31 32 33 40 41 43 44 47 50 53 55 60 67 68 71 72 74 78 79 
20 1 6 7 8 10 15 17 19 22 24 25 33 36 40 42 43 44 47 48 49 52 54 55 57 61 62 64 69 71 76 78 
10 1 2 3 4 5 6 7 8 9 10 11 12 13 14 15 16 17 18 19 20 21 22 23 24 25 26 27 28 29 30 31 32 33 34 35 36 37 38 39 40 41 42 43 44 45 46 48 49 50 51 52 53 54 55 56 57 58 59 60 61 62 63 64 65 66 67 68 69 70 71 72 73 74 75 76 77 78 79 80 81 82 83 84 85 
29 3 5 8 9 10 17 21 23 30 33 34 36 38 41 46 47 54 58 59 61 63 64 65 66 72 73 74 75 77 78 84 
21 1 4 5 12 19 22 23 24 26 27 28 29 33 34 39 40 44 46 47 51 52 54 57 59 60 64 66 68 71 72 76 77 81 83 84 
23 2 7 10 19 20 22 23 26 27 29 30 37 39 42 45 47 54 57 60 62 67 68 69 70 72 74 77 78 81 84 
15 3 4 6 18 19 20 21 23 24 26 28 33 35 36 47 49 52 56 60 61 65 66 67 69 74 75 79 81 82 83 
18 1 4 6 9 14 16 17 20 23 25 32 34 36 37 38 43 44 46 47 49 51 54 58 59 60 64 67 68 70 72 73 74 75 80 81 83 84 85 
22 3 14 18 19 22 23 24 26 28 32 33 37 38 42 43 44 45 47 54 56 58 59 61 65 69 74 82 85 
20 2 4 6 9 12 13 15 18 19 20 25 29 30 32 34 37 38 42 43 44 46 47 48 49 50 52 53 56 59 62 63 64 65 67 68 71 74 79 82 
24 5 6 17 18 19 20 21 29 30 31 32 33 34 35 37 40 45 46 47 57 59 61 62 63 66 67 71 73 76 84 85 
16 2 4 8 9 11 13 14 16 20 25 26 28 29 31 33 34 39 41 43 47 51 53 54 63 64 65 66 73 74 78 80 81 
18 5 7 8 9 10 12 13 15 16 17 18 19 20 24 25 26 28 29 30 32 35 36 38 40 46 47 49 50 55 61 63 64 67 68 71 72 75 76 77 78 81 83 84 
10 1 2 4 5 6 8 12 20 21 23 25 28 30 32 34 35 36 39 41 47 48 52 53 59 60 66 78 83 84 85 
10 1 4 5 11 14 25 26 27 28 30 33 34 35 36 41 44 47 48 49 52 53 54 55 58 61 62 64 65 67 68 73 81 
20 6 7 9 12 13 14 19 20 21 23 26 27 28 34 35 38 39 42 43 45 47 49 50 51 52 58 62 63 65 68 74 81 83 84 
10 3 12 18 21 23 30 31 34 35 36 41 46 47 48 51 53 55 57 59 63 67 71 77 80 
19 3 9 10 12 13 16 17 20 24 26 36 38 39 41 42 46 47 50 54 55 59 60 63 66 67 69 71 73 74 77 78 
16 1 9 11 14 16 17 19 20 21 23 24 27 28 29 30 31 32 33 34 39 43 44 47 48 54 55 56 57 60 61 62 64 65 75 76 78 79 83 
17 1 2 3 6 8 9 14 15 16 17 20 22 24 26 30 31 35 37 42 43 46 47 48 49 52 54 56 57 59 63 68 69 72 77 80 83 84 
13 1 2 3 5 6 7 9 10 14 20 22 28 40 47 48 51 53 54 56 59 60 63 67 68 69 70 71 73 77 78 79 81 
15 3 4 8 9 10 11 14 16 17 21 23 26 34 35 36 37 38 43 44 47 48 49 51 55 56 58 62 68 70 72 74 78 79 82 83 84 
20 1 5 7 8 11 18 20 22 24 26 29 30 32 33 36 41 44 45 47 50 51 52 54 55 57 59 61 62 65 69 81 83 84 
13 1 7 8 18 25 27 29 30 38 41 42 43 45 47 49 50 52 54 57 59 60 64 65 66 72 75 79 80 
14 1 4 7 10 11 12 14 15 21 22 24 26 28 34 37 41 42 46 47 50 51 53 62 64 65 67 70 74 76 77 79 80 81 82 84 
21 4 6 13 14 15 17 21 22 23 24 27 28 31 34 35 38 39 43 47 50 52 65 66 69 72 76 83 85 
20 2 3 4 9 10 12 16 23 27 30 32 33 34 38 39 40 41 44 45 46 47 49 54 55 57 61 62 65 75 76 79 80 82 83 
15 1 3 6 10 12 13 15 16 20 23 26 27 29 30 31 32 33 35 37 38 45 47 48 49 50 52 57 64 66 68 70 75 76 77 80 81 
29 2 6 14 15 18 20 22 24 28 32 34 36 38 41 42 47 48 52 55 56 59 62 65 75 76 81 82 
15 2 4 10 14 22 23 25 29 32 40 43 45 47 48 50 51 52 53 54 56 60 62 66 69 75 77 78 80 85 
18 2 5 6 8 12 15 16 17 19 20 23 27 28 32 33 34 36 38 40 41 43 47 48 51 52 57 63 68 71 72 73 74 76 77 79 82 84 
17 1 3 5 9 14 17 19 24 25 26 27 30 31 32 33 34 39 41 44 46 47 49 55 57 63 69 70 71 72 73 75 82 
24 1 3 4 5 9 10 11 18 21 23 26 28 35 37 42 44 47 48 49 50 57 61 62 64 65 69 72 74 75 79 81 84 85 
17 4 5 6 8 9 11 12 20 21 24 26 27 33 37 40 41 42 45 46 47 48 50 56 57 58 62 63 65 66 74 80 83 
20 2 3 5 6 12 15 16 21 25 26 27 33 35 37 39 41 42 45 47 51 54 63 65 66 68 69 71 75 77 
20 1 3 8 15 18 23 30 31 34 36 37 38 40 43 47 52 56 61 64 68 69 71 72 74 78 81 84 85 
10 4 11 13 15 19 20 22 23 24 25 26 27 29 47 49 50 51 52 56 57 59 60 65 67 69 72 73 77 80 82 84 
21 4 6 7 12 13 17 22 24 25 26 36 37 38 39 41 42 43 47 51 53 54 66 69 71 73 75 76 81 
16 1 2 7 16 20 23 26 27 29 35 36 39 40 41 44 47 49 51 52 57 58 60 63 64 66 67 70 71 78 
16 3 4 5 6 8 10 19 20 22 24 28 29 30 32 34 37 40 41 42 47 48 49 50 52 55 57 58 60 64 66 67 69 75 77 80 81 
28 1 2 5 7 11 18 22 26 30 31 32 33 34 36 40 41 43 47 52 53 55 58 70 74 77 80 
090
10 3 6 11 13 14 15 16 19 22 23 24 31 32 34 35 37 39 41 46 47 49 53 54 56 64 66 68 72 73 74 76 78 79 82 86 87 89 
24 8 9 20 21 22 23 27 30 32 33 35 38 40 42 44 46 49 51 54 56 57 59 63 64 68 71 72 74 75 76 77 79 88 
19 1 15 17 24 25 26 30 33 34 35 38 41 44 46 47 48 52 53 65 66 67 71 75 76 79 80 81 85 87 89 
19 5 8 9 11 15 17 18 19 21 22 24 26 31 40 41 42 44 48 49 52 56 59 60 63 64 65 68 75 76 77 79 81 82 87 88 89 
26 4 10 12 14 16 21 27 29 35 36 37 38 39 40 42 47 53 55 56 58 60 61 63 64 66 69 75 76 77 79 82 83 
23 1 8 10 11 12 13 15 22 29 30 32 34 36 37 38 40 44 48 49 51 53 54 55 57 58 60 61 62 64 65 67 70 72 73 74 75 77 78 79 82 87 90 
11 11 14 15 16 19 22 24 25 28 31 36 37 38 44 45 46 47 50 54 55 56 59 62 64 65 67 71 76 77 78 79 
26 2 4 6 10 13 17 19 22 27 31 32 34 35 36 41 42 46 53 57 58 59 60 61 64 67 68 73 74 76 77 79 82 84 85 86 88 89 
15 2 4 11 13 14 15 17 25 29 30 31 32 35 36 37 38 39 46 56 59 61 64 65 67 70 72 73 76 79 80 83 84 86 
25 5 6 8 15 17 19 20 21 28 36 40 41 43 48 51 52 53 55 61 62 63 65 66 70 71 73 74 75 79 83 88 89 
11 1 4 6 7 9 14 16 18 20 23 25 30 32 33 34 36 38 44 45 46 53 59 63 64 65 68 69 70 73 74 76 79 83 84 86 89 90 
22 5 6 13 14 16 17 22 23 26 27 31 35 36 40 49 53 55 56 58 60 62 63 64 65 66 67 68 72 73 78 79 82 
10 1 6 8 9 12 14 17 18 19 20 21 22 24 25 32 33 37 41 42 47 51 55 61 62 68 69 70 77 79 80 82 85 88 90 
22 1 5 7 9 11 12 13 15 27 33 34 36 41 45 55 65 66 68 69 71 72 73 77 79 80 83 84 87 89 
24 1 3 4 6 7 9 10 14 17 20 21 22 24 27 29 30 31 37 41 43 51 52 56 57 58 66 72 74 75 79 85 86 87 88 89 
11 1 5 7 11 12 17 18 21 24 28 31 33 34 35 36 38 39 41 42 46 54 60 63 65 66 67 71 72 74 75 77 79 80 81 83 87 88 89 90 
27 3 4 8 9 10 12 13 15 16 18 21 22 26 29 34 39 44 45 48 49 50 51 52 56 59 60 66 68 69 70 78 79 81 88 89 
14 4 11 13 16 17 25 27 30 39 43 45 47 48 52 54 56 59 60 61 62 67 71 76 79 81 84 89 
22 1 4 7 8 10 13 20 22 23 26 27 31 32 33 37 39 42 43 46 47 51 55 58 64 65 68 69 70 71 79 81 83 
13 2 10 11 13 15 19 22 26 27 28 30 32 34 45 46 54 59 63 64 65 67 68 69 70 71 72 74 76 77 79 83 85 87 89 90 
20 2 4 5 10 13 15 16 17 22 24 25 26 31 33 37 39 40 41 43 47 49 52 58 60 66 70 71 72 75 76 79 82 83 85 86 88 90 
13 1 2 4 6 7 8 12 13 15 17 19 20 21 28 29 30 31 40 43 49 53 56 58 65 69 70 71 72 73 74 76 77 79 80 82 89 90 
26 1 2 11 12 19 28 29 32 33 34 36 39 40 42 44 46 47 51 52 54 55 56 57 58 60 61 63 66 70 71 74 77 79 82 87 89 90 
29 1 3 4 7 13 15 16 21 29 31 32 33 34 35 36 39 50 51 53 56 57 59 67 68 70 73 77 79 80 81 82 84 86 88 
15 3 7 9 11 13 18 21 28 30 35 36 39 40 45 47 48 49 52 54 55 62 65 67 68 70 73 79 82 85 87 90 
16 3 4 12 17 19 20 21 30 35 39 41 42 43 44 47 50 51 56 61 68 69 73 76 79 83 84 85 86 
27 2 5 8 12 14 15 18 19 20 29 30 35 41 43 45 47 48 49 50 52 55 57 60 63 65 67 68 69 76 77 79 81 84 86 87 88 89 90 
16 7 10 16 20 22 23 25 30 31 35 38 40 46 49 50 53 57 60 63 66 68 69 71 74 76 77 79 80 81 82 85 86 
29 5 6 9 15 17 22 23 24 27 38 39 40 43 44 45 48 50 52 53 57 58 59 62 65 66 70 71 73 78 79 80 81 85 88 89 
11 2 3 6 9 11 15 18 20 22 25 26 27 28 33 34 36 38 40 41 44 47 48 49 50 52 58 59 61 63 64 67 68 69 71 72 75 77 78 79 88 89 90 
18 1 4 7 8 9 12 15 16 19 21 22 24 28 32 36 37 48 52 53 59 60 61 67 71 74 79 83 87 
14 1 2 6 8 9 11 13 19 20 23 24 31 33 38 40 42 43 45 46 52 53 55 63 64 67 68 74 77 79 80 83 84 86 88 
13 2 3 11 13 14 16 19 21 23 24 30 32 39 41 46 48 52 55 56 58 59 62 65 66 68 70 73 79 81 83 90 
25 1 3 6 8 11 14 16 17 20 23 24 30 41 42 44 50 51 54 56 60 63 70 71 72 77 79 80 81 86 90 
27 1 2 3 5 8 9 12 16 24 25 26 27 28 36 38 43 54 56 61 64 68 76 77 78 79 80 81 83 84 85 86 87 90 
23 5 6 7 8 9 10 11 12 14 16 23 24 25 30 31 35 39 40 45 46 48 53 56 57 58 60 63 65 68 70 71 73 77 79 81 82 83 84 86 90 
10 1 5 6 7 9 13 15 19 21 31 48 52 53 55 58 60 63 67 71 72 74 75 77 79 84 85 86 90 
15 2 3 5 6 7 9 11 16 28 29 30 32 35 42 45 46 52 53 58 60 64 70 76 77 78 79 83 86 87 89 
29 1 5 9 16 17 18 19 21 23 24 25 26 29 33 36 42 43 45 47 48 49 52 54 62 64 65 70 72 74 78 79 81 82 83 86 89 90 
18 2 4 5 6 10 12 21 22 23 25 28 29 30 32 36 41 45 47 49 58 62 63 65 66 68 69 74 75 76 79 80 82 84 
25 1 3 4 8 10 13 14 15 16 21 26 27 30 33 34 40 42 46 50 51 52 55 59 60 61 62 68 69 71 73 76 78 79 82 85 86 87 90 
27 2 4 5 8 13 16 19 23 26 32 34 38 39 41 44 47 54 55 60 64 68 72 73 74 75 76 79 82 84 88 90 
23 10 15 18 19 21 22 26 27 29 32 35 39 45 47 48 50 55 56 58 59 61 66 69 77 79 81 83 86 87 88 
23 2 3 4 6 7 11 17 23 26 29 30 34 42 46 48 49 50 56 57 60 64 66 67 68 69 71 73 78 79 81 82 84 89 
14 7 11 14 17 18 20 25 27 29 32 36 38 39 40 43 47 50 52 53 54 55 63 65 68 69 71 73 77 79 80 81 82 84 85 89 
21 1 2 3 7 8 9 11 16 19 20 23 28 32 33 36 38 41 44 50 52 55 56 57 59 61 62 68 69 70 73 74 75 76 78 79 81 86 
13 1 3 5 7 13 18 19 21 23 25 26 27 30 39 40 42 43 45 49 51 56 57 58 61 62 64 69 75 79 82 83 84 
11 3 4 6 10 17 18 25 27 29 30 31 33 36 37 39 43 44 49 50 54 56 58 63 64 65 66 67 69 70 73 75 79 81 82 83 
23 1 2 4 6 12 17 21 22 25 27 28 30 39 40 44 47 48 52 54 55 58 60 61 62 63 73 74 76 77 79 80 82 83 84 89 
20 7 17 24 26 27 28 29 30 34 41 43 44 45 46 48 52 56 59 60 62 65 73 75 76 77 79 82 84 86 87 89 
13 2 6 10 13 15 17 19 23 24 26 34 41 47 54 56 57 63 73 74 76 79 80 83 87 90 
25 3 4 10 15 17 18 21 23 25 27 29 30 31 32 33 37 38 39 41 45 46 49 50 54 55 57 64 65 66 70 73 79 80 81 82 86 87 88 90 
18 1 3 5 6 8 10 11 12 22 24 28 29 31 32 36 37 38 45 55 57 58 59 61 62 68 70 72 77 78 79 80 81 82 83 85 89 
16 1 2 6 7 16 18 20 23 25 34 35 39 42 45 48 49 51 52 56 57 58 60 62 65 66 68 70 72 73 74 78 79 82 89 90 
23 5 6 7 10 12 13 14 19 23 25 27 32 33 37 41 42 43 45 46 49 52 53 58 61 62 63 64 67 68 70 73 75 78 79 81 88 89 90 
12 1 2 4 5 7 9 12 15 17 18 22 23 24 26 33 34 35 36 43 44 46 47 48 50 51 54 57 61 62 65 72 73 75 76 79 80 86 89 
29 2 6 8 15 23 24 27 28 29 36 44 46 47 51 52 53 54 56 58 65 66 75 78 79 81 82 83 84 85 86 90 
10 5 6 8 12 15 19 21 22 23 29 30 33 36 37 38 40 43 47 48 49 53 54 55 57 61 65 66 67 68 69 71 72 76 79 85 86 90 
27 2 4 7 8 9 11 17 18 20 24 29 30 31 33 41 43 46 50 53 60 63 64 68 71 72 73 74 75 77 78 79 82 84 86 
14 4 5 6 8 12 16 17 18 21 23 27 28 31 34 36 37 38 41 42 44 49 50 54 59 62 63 64 68 70 71 78 79 82 83 84 85 88 
24 5 6 8 9 10 13 18 23 26 30 31 35 41 43 46 47 49 53 55 56 58 65 76 79 84 85 90 
20 6 7 10 12 13 18 25 29 33 39 40 41 46 47 49 50 53 54 55 56 60 63 64 73 74 75 78 79 80 82 85 
13 2 4 5 10 11 12 16 20 23 27 28 30 32 34 36 37 40 45 48 49 51 55 59 60 62 65 70 71 72 78 79 82 83 86 90 
12 1 2 4 5 6 7 8 9 11 12 19 20 30 32 35 38 39 42 44 47 48 52 55 59 60 62 70 72 73 74 75 79 80 81 86 87 
16 3 4 6 7 9 10 11 12 14 16 19 20 22 25 27 29 33 36 39 40 45 48 50 52 54 56 57 58 61 63 67 69 73 75 76 78 79 83 85 90 
15 1 3 5 10 12 14 15 16 17 21 23 28 29 33 40 43 44 48 52 54 57 58 67 70 74 75 79 84 87 88 90 
10 3 6 7 8 9 12 16 18 20 24 25 27 30 31 32 37 44 48 55 58 65 66 68 72 75 76 78 79 80 81 83 84 88 89 
10 1 2 4 8 11 12 13 14 17 19 20 24 25 26 27 28 30 32 33 35 36 40 41 42 44 45 46 53 54 55 58 59 60 67 71 73 75 77 79 83 84 87 88 89 
29 5 11 13 14 17 19 20 22 26 27 28 30 40 41 43 44 45 46 47 48 58 65 71 72 74 77 78 79 80 85 90 
17 6 9 10 11 13 17 19 20 21 22 23 24 25 29 33 34 36 38 39 46 48 52 53 54 55 60 63 64 66 73 74 76 77 79 83 86 89 90 
15 2 3 7 10 14 16 18 19 20 21 22 23 28 29 30 31 34 36 37 41 44 45 58 59 60 63 68 69 74 75 79 80 83 85 88 89 90 
22 1 2 6 9 12 14 15 16 20 21 22 30 34 37 39 42 53 54 56 58 59 63 64 67 69 73 75 79 80 81 83 84 85 87 89 90 
14 1 6 8 9 10 11 12 14 22 24 25 26 29 33 36 41 42 44 45 46 48 49 50 51 52 54 55 56 59 62 64 65 68 70 72 74 75 77 78 79 81 83 85 86 88 89 
28 1 2 6 8 10 11 15 16 20 22 23 28 31 32 37 39 40 42 46 49 51 54 59 62 64 66 69 70 71 73 77 78 79 82 84 86 90 
16 2 3 4 5 6 10 15 16 21 30 37 40 42 46 47 48 50 55 56 57 59 62 64 65 66 67 68 71 72 73 77 78 79 81 84 87 
29 1 2 3 4 5 7 8 9 11 18 20 21 22 26 27 28 35 38 40 41 42 46 49 50 51 56 58 61 65 67 70 77 79 82 90 
14 2 4 5 6 7 8 13 14 16 20 22 23 24 27 28 30 32 34 35 36 37 38 43 45 49 50 53 59 68 69 70 73 74 75 76 79 80 82 84 86 88 
20 1 6 7 12 17 29 30 35 38 39 41 44 46 53 54 55 57 59 60 62 63 65 67 69 73 74 75 79 84 86 87 88 
15 1 2 3 4 5 6 7 8 9 10 11 12 13 14 15 16 17 18 19 20 21 22 23 24 25 26 27 28 29 30 31 32 33 34 35 36 37 38 39 40 41 42 43 44 45 46 47 48 49 50 51 52 53 54 55 56 57 58 59 60 61 62 63 64 65 66 67 68 69 70 71 72 73 74 75 76 77 78 80 81 82 83 84 85 86 87 88 89 90 
24 3 9 13 14 16 22 24 28 29 32 34 35 40 45 49 51 52 53 56 62 64 67 69 71 72 77 79 85 86 
23 3 4 16 17 18 19 24 27 28 29 33 34 35 36 39 43 44 45 46 48 52 53 55 57 64 67 72 73 75 79 90 
18 1 4 5 6 8 12 13 21 22 23 24 25 28 36 39 40 41 42 44 45 47 48 49 50 52 53 54 57 59 60 62 63 74 76 77 79 83 84 86 87 89 90 
23 5 9 10 11 14 16 19 20 21 26 31 32 33 35 36 38 39 43 47 48 49 51 53 57 60 63 65 67 68 70 71 72 73 79 82 84 88 90 
11 8 9 11 14 18 24 26 27 32 35 36 37 40 42 44 45 47 49 50 57 59 60 61 66 67 68 72 74 75 77 78 79 82 83 86 87 89 
15 3 8 13 15 20 21 25 26 28 29 35 37 41 45 53 57 58 60 61 62 65 69 71 72 73 79 80 
10 1 8 9 11 15 21 24 26 27 28 32 34 35 36 37 38 39 41 43 46 50 52 56 57 58 59 63 64 70 73 74 77 78 79 80 82 84 89 
22 1 3 4 6 14 15 16 20 23 25 27 31 35 38 41 43 50 51 52 64 66 68 72 75 78 79 82 84 88 
26 2 4 8 10 13 15 16 17 21 24 27 29 30 32 42 43 52 55 60 66 67 68 71 73 77 78 79 83 87 
16 1 3 4 8 10 11 14 15 16 17 18 20 22 23 27 29 30 38 39 44 45 49 50 53 54 55 56 67 68 70 71 72 73 79 82 84 86 
12 6 11 13 16 20 21 22 23 25 27 30 33 34 35 36 37 39 41 42 51 52 54 55 57 58 61 63 65 66 69 70 71 72 74 76 79 81 82 83 
095
27 4 5 6 11 12 15 16 18 21 22 24 25 30 35 37 39 40 41 42 48 51 52 53 54 55 61 62 69 70 73 74 77 78 81 83 85 86 87 89 90 91 93 94 
23 3 6 10 11 12 25 26 27 28 34 37 38 42 43 47 49 50 53 54 55 56 57 61 66 72 74 76 81 83 85 87 89 90 94 95 
14 2 9 11 12 13 16 20 21 25 32 34 35 37 39 41 42 44 45 46 47 51 53 57 58 59 60 63 64 65 67 68 72 75 76 77 80 83 84 86 89 91 92 93 
12 1 6 7 11 12 14 15 20 23 25 28 32 37 39 41 47 48 52 62 65 67 73 74 78 80 83 86 87 89 90 93 
20 1 7 8 10 11 16 19 22 23 32 35 37 46 47 52 56 63 65 67 71 73 74 75 77 81 82 83 85 86 88 90 93 94 95 
24 1 2 4 11 12 18 19 26 27 30 31 33 34 35 37 38 39 42 45 46 49 50 54 55 56 57 58 64 65 67 68 69 76 78 79 83 84 88 90 92 94 
26 4 5 8 12 14 15 16 19 21 22 26 27 31 33 34 35 38 39 40 43 45 49 50 51 52 54 60 65 68 69 71 74 75 77 79 80 83 84 86 87 88 89 92 95 
10 5 7 9 12 16 20 21 22 25 28 29 30 31 32 34 42 44 45 47 48 49 51 52 53 54 55 60 61 64 68 71 73 76 77 79 83 84 86 87 89 91 93 94 
16 3 8 10 14 18 21 22 23 26 27 28 29 36 42 43 45 46 47 50 53 54 56 57 58 62 63 65 67 69 71 73 74 77 81 83 86 87 90 93 94 
13 2 5 9 11 12 14 18 22 25 29 32 33 36 39 40 43 50 52 53 54 56 58 60 64 65 66 67 68 70 71 74 78 83 85 86 89 91 92 
19 1 2 3 4 5 6 10 14 15 21 22 23 27 30 33 34 36 37 39 41 45 46 47 48 52 56 58 59 64 67 70 75 78 79 81 83 86 88 91 93 94 
22 1 2 3 4 6 7 8 10 14 17 20 21 23 25 28 31 32 33 39 40 41 42 47 50 51 53 54 55 57 61 62 66 68 70 72 75 77 82 83 84 87 89 90 91 94 95 
20 3 14 15 19 21 29 35 37 38 40 42 44 46 49 53 54 57 63 67 78 80 83 84 91 94 
10 4 7 9 10 11 12 13 16 17 23 24 26 29 31 32 41 44 45 51 52 57 59 62 65 67 70 72 73 75 77 78 81 83 87 88 91 92 93 94 
28 1 4 7 11 13 16 21 22 29 32 33 35 36 38 41 48 49 50 52 56 58 60 65 69 71 72 74 75 78 81 82 83 89 91 92 93 
27 1 3 5 7 8 14 15 17 26 27 28 30 32 33 34 42 48 50 51 52 56 58 61 64 67 69 74 75 81 83 84 88 89 94 
13 12 14 16 19 20 22 23 25 27 32 33 35 36 38 40 42 43 44 45 46 47 49 50 56 59 60 72 73 74 78 79 81 83 85 93 95 
10 1 6 9 10 19 20 21 23 29 32 33 34 37 38 41 42 43 45 46 48 49 52 56 57 58 66 67 72 74 75 80 81 83 84 85 86 88 90 
27 5 6 7 13 17 18 20 24 27 28 30 31 32 36 41 43 47 48 51 53 56 57 60 62 63 67 71 73 76 81 83 84 89 91 92 95 
13 3 4 8 12 17 18 19 22 24 29 30 34 36 43 47 53 56 62 63 64 69 70 73 77 79 81 83 88 89 92 95 
14 1 3 7 8 9 11 12 13 15 18 23 24 25 29 30 31 32 33 34 37 41 42 45 50 54 56 58 59 61 66 67 68 71 76 77 78 82 83 84 88 93 
20 1 5 7 8 9 10 11 15 17 20 24 28 29 30 33 42 43 53 58 60 65 66 68 69 71 80 81 82 83 84 86 88 89 91 
11 4 5 9 11 12 14 17 18 21 24 25 29 33 36 41 42 43 44 46 49 50 51 52 55 56 59 62 63 64 69 70 72 73 75 76 77 78 83 84 88 89 90 91 94 
16 1 14 19 20 21 22 23 26 27 29 33 35 43 45 47 48 50 53 54 62 64 67 72 73 77 78 80 81 83 86 87 88 89 91 94 
10 1 2 3 4 8 10 12 17 21 23 26 28 29 30 32 37 48 53 54 56 60 61 62 64 69 70 72 75 77 80 82 83 85 88 89 92 94 95 
28 2 6 7 9 14 16 24 25 28 35 39 44 45 49 50 53 55 58 59 66 72 77 81 83 85 86 88 91 92 93 94 
11 2 6 7 9 11 16 17 19 24 28 31 32 33 35 39 40 41 42 45 47 48 49 55 56 58 60 62 63 65 67 70 71 74 79 80 83 84 86 90 91 95 
21 2 4 8 9 12 16 19 22 25 26 27 30 34 36 42 46 49 53 54 58 59 64 65 67 71 75 79 80 83 84 86 88 92 94 
29 8 9 10 13 14 15 18 20 21 22 23 24 25 30 32 34 37 39 40 42 49 52 54 59 69 75 76 79 80 81 83 94 
19 1 6 8 11 16 19 20 21 22 25 28 29 41 45 47 51 54 56 63 65 66 68 71 73 75 76 77 83 87 88 95 
10 6 7 8 12 14 19 21 27 32 35 38 39 41 48 49 50 53 54 58 62 64 65 67 68 70 71 75 80 83 89 90 91 93 94 
15 3 4 5 8 10 12 14 15 16 17 18 19 21 25 27 29 31 37 38 41 42 43 44 46 47 54 57 58 60 61 63 67 71 75 76 78 79 83 86 
18 6 7 10 11 12 15 16 17 18 21 22 23 24 27 35 36 37 38 41 42 43 46 58 63 65 67 69 71 72 73 77 80 81 82 83 84 89 91 92 93 
15 2 3 6 7 8 11 16 18 20 21 28 29 36 37 38 45 46 56 57 59 60 61 64 67 68 71 72 73 78 79 80 81 82 83 84 86 87 89 94 
18 1 3 5 6 7 13 15 17 24 26 27 31 33 38 42 46 47 50 55 56 59 60 62 63 64 66 67 71 72 74 75 79 82 83 84 87 90 91 
18 9 10 11 15 17 19 20 23 28 33 34 37 39 41 42 43 44 47 48 49 51 57 59 62 63 66 67 71 74 78 80 83 87 88 89 91 94 
24 1 2 3 4 5 6 11 13 18 21 25 29 32 33 34 36 39 40 41 43 44 45 47 48 49 52 53 55 56 57 67 70 73 75 77 78 80 83 84 85 86 89 90 94 
29 2 6 7 13 15 17 18 31 32 33 34 35 43 45 46 48 50 53 56 59 62 63 66 67 72 73 74 75 77 81 83 85 88 90 91 92 93 
26 1 3 4 6 7 10 11 12 26 27 29 31 36 37 41 46 47 48 49 50 51 52 59 61 65 66 70 73 75 77 79 81 83 85 86 93 
25 1 7 10 12 13 17 27 29 37 42 43 49 55 57 60 65 66 67 69 72 75 76 80 83 84 89 90 95 
16 1 3 4 11 12 14 15 18 19 21 23 27 30 31 32 33 36 37 39 42 45 47 49 51 53 54 55 59 61 62 64 66 70 74 77 79 83 84 85 86 93 
14 1 2 3 6 8 9 12 13 16 17 18 21 22 23 27 28 29 32 33 35 36 40 41 44 47 53 54 55 57 60 65 70 71 72 80 83 84 85 88 93 94 95 
23 2 7 9 10 17 18 19 20 22 23 24 32 33 36 37 38 40 44 46 58 63 67 70 74 75 81 82 83 89 94 
15 3 8 13 14 17 23 26 32 36 37 42 43 52 60 61 62 64 67 72 77 80 83 85 88 91 94 
28 3 6 7 8 9 11 14 17 18 21 24 26 27 30 34 37 38 41 54 57 59 60 61 65 66 68 72 77 78 82 83 89 90 91 94 95 
13 3 5 6 9 11 13 17 18 23 28 32 33 34 35 38 39 43 53 54 55 56 57 62 63 64 66 68 70 71 73 74 80 82 83 84 87 89 91 92 93 
13 2 3 4 5 8 9 11 12 17 19 20 24 27 30 32 35 36 37 39 41 42 48 49 51 54 60 68 69 71 73 74 75 77 78 79 81 83 85 86 88 92 93 94 
17 1 4 8 11 15 16 18 19 24 25 27 31 36 37 38 39 47 49 50 52 54 56 57 59 64 65 66 77 78 79 81 83 89 92 94 
19 2 6 7 8 13 15 17 18 23 26 27 28 29 31 36 37 39 40 41 47 48 53 55 59 61 62 63 66 67 68 70 71 74 75 79 80 81 82 83 85 86 89 90 93 
23 2 6 7 9 10 12 15 16 17 21 23 24 26 31 35 38 39 48 54 57 58 59 61 62 63 66 72 73 76 78 81 82 83 84 87 88 94 
24 1 3 7 8 12 14 16 19 23 30 36 39 41 47 52 53 54 55 56 58 59 62 63 64 69 73 74 75 78 83 84 85 88 91 
14 1 4 5 7 8 10 11 14 15 16 18 23 29 37 39 44 48 51 53 55 57 66 67 71 76 83 84 88 90 91 95 
16 1 2 3 8 9 10 12 13 19 20 22 24 25 26 28 31 37 38 41 42 46 49 51 52 55 57 59 70 71 72 77 80 83 87 88 89 90 92 93 
18 1 2 6 7 8 9 10 12 13 21 24 25 28 29 30 31 32 41 42 45 46 47 48 50 51 64 66 68 69 73 75 78 79 81 83 88 
28 1 2 6 8 12 23 26 27 35 37 40 41 42 46 49 51 52 53 56 60 61 63 64 66 67 73 75 79 80 81 83 85 86 88 89 90 93 94 95 
23 2 5 6 9 10 11 15 16 17 18 19 20 21 23 25 27 30 34 35 37 38 46 48 51 55 57 60 64 65 68 71 78 79 81 83 85 86 93 
21 2 3 6 9 12 13 14 18 19 32 34 36 37 40 42 45 46 48 50 52 53 56 59 60 68 70 71 79 81 83 85 88 89 92 95 
23 3 6 9 10 11 15 16 18 21 22 26 27 28 31 32 33 43 50 51 71 72 76 80 82 83 86 88 91 93 95 
22 3 11 14 17 21 23 26 28 29 34 35 36 38 39 41 45 48 49 50 51 53 57 63 66 68 74 83 85 88 94 
29 3 7 8 10 15 17 19 22 25 27 32 34 35 40 42 44 45 47 55 56 57 63 64 67 68 75 83 87 88 91 92 93 
16 1 2 8 12 16 21 25 32 34 39 41 44 45 49 50 55 62 67 70 73 78 79 81 82 83 94 
18 1 4 9 12 14 19 20 23 24 25 27 31 35 36 38 41 44 46 49 50 51 61 63 64 65 67 70 79 81 83 84 88 94 95 
10 3 5 9 13 19 20 23 27 30 32 33 35 36 38 43 46 49 50 51 55 59 60 62 65 68 72 73 75 76 77 83 84 90 94 95 
20 3 6 8 10 11 16 20 23 24 25 28 31 34 35 41 44 46 48 51 54 55 56 60 62 65 66 68 70 72 74 77 80 83 92 
15 3 4 5 6 7 9 10 14 15 22 27 28 30 31 33 39 40 42 45 48 56 62 63 64 70 71 72 73 74 76 78 82 83 89 90 91 93 
11 2 10 12 18 21 22 26 30 35 36 38 39 40 41 45 46 48 49 50 52 54 55 59 64 67 70 75 78 79 83 84 87 90 94 
24 3 4 5 6 9 10 11 13 14 16 18 19 21 24 27 28 31 32 33 34 35 36 37 38 40 43 44 49 52 55 60 61 62 66 68 70 71 73 76 77 81 83 84 86 88 89 90 92 
25 3 6 7 8 10 12 21 22 30 31 34 45 46 47 49 54 56 57 59 60 63 64 67 77 80 83 88 92 
13 1 6 7 9 15 16 20 22 23 25 29 33 40 47 51 54 73 75 77 81 83 84 86 87 89 90 92 94 
13 1 10 11 12 14 20 23 25 27 31 37 39 41 42 43 46 49 53 57 61 62 64 65 66 67 71 75 76 80 83 84 86 88 89 90 91 
19 5 7 8 9 10 15 19 21 22 27 28 30 31 32 33 34 35 36 42 46 47 49 52 53 56 57 58 65 67 70 72 75 77 78 83 88 92 
28 2 3 12 14 15 17 18 23 24 25 26 33 34 35 38 40 42 44 45 50 53 58 63 64 65 71 74 77 79 81 83 91 95 
18 1 4 5 8 9 14 17 19 20 23 24 30 33 34 37 38 39 46 47 50 51 54 55 61 63 65 67 69 78 79 82 83 87 88 90 94 
27 1 2 4 5 7 9 10 15 16 17 18 27 35 36 38 41 43 46 47 49 51 59 64 65 72 76 77 79 80 81 82 83 84 85 88 89 92 93 
10 3 5 7 11 12 14 15 16 18 23 25 28 29 30 31 32 35 37 38 39 40 43 47 49 51 54 55 60 63 66 69 70 71 79 83 84 87 92 95 
25 2 3 6 8 19 21 23 29 30 32 40 50 52 58 63 65 67 70 74 77 78 83 84 86 90 91 92 93 95 
27 1 3 5 7 8 9 12 14 20 21 23 24 25 26 30 33 37 38 39 41 44 45 47 48 53 63 64 67 68 69 71 72 74 76 78 82 83 85 87 91 93 94 
11 1 4 6 10 11 13 14 15 17 21 23 24 32 34 36 37 45 47 48 50 51 54 56 61 65 66 71 73 76 77 79 81 82 83 84 90 93 
29 6 7 8 11 17 20 27 28 29 32 34 35 39 41 47 48 49 54 55 56 57 61 62 66 72 73 74 75 78 80 82 83 86 88 89 90 91 
17 3 4 7 13 18 22 24 25 27 28 29 31 33 34 36 37 40 42 44 46 49 53 55 58 64 68 70 74 79 81 83 85 91 93 
17 1 2 5 9 11 14 15 16 17 18 19 20 22 24 26 29 33 34 38 39 43 47 48 49 50 54 55 56 57 61 62 67 69 72 74 78 80 83 85 86 90 93 94 95 
15 5 12 15 21 22 25 33 34 35 43 45 46 49 50 58 61 65 73 74 77 78 79 83 84 90 
14 1 2 3 4 5 6 7 8 9 10 11 12 13 14 15 16 17 18 19 20 21 22 23 24 25 26 27 28 29 30 31 32 33 34 35 36 37 38 39 40 41 42 43 44 45 46 47 48 49 50 51 52 53 54 55 56 57 58 59 60 61 62 63 64 65 66 67 68 69 70 71 72 73 74 75 76 77 78 79 80 81 82 84 85 86 87 88 89 90 91 92 93 94 95 
18 3 6 7 8 12 13 16 18 19 21 22 23 27 28 33 34 35 37 40 41 42 46 50 51 52 62 63 66 67 69 70 74 75 76 78 82 83 87 93 
28 1 2 5 10 17 18 25 26 37 38 39 41 42 44 47 49 51 55 56 57 59 74 77 80 81 83 87 88 89 92 93 95 
11 1 3 4 5 7 8 9 10 11 18 22 24 26 27 28 32 34 37 39 41 47 49 55 56 58 67 69 70 76 79 81 83 88 90 95 
23 1 2 4 7 8 9 12 14 24 30 34 35 36 46 50 53 60 66 69 73 75 77 83 84 85 90 92 95 
13 5 6 7 11 14 16 18 20 21 22 23 24 25 26 28 30 36 38 42 44 47 50 51 52 53 54 55 57 58 59 60 62 67 68 70 71 73 74 79 83 85 86 89 90 91 92 94 95 
12 1 2 3 4 7 8 10 12 15 16 19 20 22 23 24 25 31 33 34 36 37 40 43 45 46 48 49 53 55 57 65 67 69 70 74 79 83 85 88 91 
22 1 2 4 5 6 9 12 18 23 27 31 35 37 38 40 45 49 52 53 55 63 65 66 67 69 70 73 76 78 79 81 82 83 86 87 88 91 93 
15 1 3 8 10 11 12 13 14 15 19 22 23 24 26 27 31 33 35 36 38 44 45 46 51 52 58 60 65 70 72 76 77 79 80 83 88 89 90 94 95 
22 3 6 7 10 14 15 19 20 25 26 28 33 38 46 47 48 53 57 60 64 67 68 69 71 74 75 76 83 85 87 88 94 
24 1 3 4 5 8 9 11 14 15 17 21 26 31 33 38 39 41 42 46 47 49 53 55 56 58 60 65 74 76 77 78 80 81 83 84 85 90 
25 1 2 5 6 8 9 11 12 13 14 16 23 24 25 26 28 29 31 34 36 37 42 43 44 45 47 48 50 55 59 61 62 63 66 69 73 77 81 83 88 91 92 
14 2 5 7 12 17 19 20 25 27 30 40 42 45 52 55 57 58 62 63 72 75 76 81 83 85 86 87 88 91 
0100
16 2 3 4 6 10 11 15 17 19 21 22 23 29 31 32 34 35 37 39 40 48 52 55 57 60 63 64 65 67 72 75 76 77 78 82 84 85 91 92 98 
17 1 5 6 7 9 19 21 23 28 29 30 33 34 40 45 54 55 57 59 60 61 62 64 68 70 74 75 80 83 84 85 86 88 96 99 
16 1 6 10 15 18 20 21 22 23 25 28 30 31 34 39 41 42 47 50 52 56 57 59 60 61 64 65 66 77 80 84 90 93 95 99 100 
11 1 6 7 9 10 11 12 15 19 20 22 25 26 32 35 39 41 42 44 45 48 49 52 55 56 58 59 60 62 66 67 68 70 71 73 83 84 87 88 91 94 99 
24 2 6 8 9 12 16 17 19 21 23 24 27 36 38 39 41 43 44 45 46 48 54 57 59 67 71 76 77 78 82 84 89 91 93 97 99 
11 1 2 3 4 5 7 8 9 10 11 12 13 14 15 16 17 18 19 20 21 22 23 24 25 26 27 28 29 30 31 32 33 34 35 36 37 38 39 40 41 42 43 44 45 46 47 48 49 50 51 52 53 54 55 56 57 58 59 60 61 62 63 64 65 66 67 68 69 70 71 72 73 74 75 76 77 78 79 80 81 82 83 84 85 86 87 88 89 90 91 92 93 94 95 96 97 98 99 100 
29 2 4 6 9 14 15 16 18 22 23 27 28 31 32 35 45 47 51 54 56 59 60 61 63 64 65 67 69 70 73 80 81 88 89 91 92 93 94 99 100 
16 5 6 10 11 14 17 18 20 23 29 30 31 34 35 36 47 58 59 61 62 63 70 72 73 74 84 87 92 96 97 
11 2 4 5 6 7 10 13 15 16 19 21 22 28 30 31 33 37 39 40 41 49 51 52 53 55 57 59 62 64 67 68 73 76 79 81 82 89 92 95 96 98 99 
28 1 3 4 6 8 9 12 14 16 23 26 27 31 32 33 35 38 41 42 44 47 52 54 56 57 61 62 64 67 69 71 74 81 84 87 93 94 95 
24 1 4 6 8 13 16 21 23 33 39 42 43 45 47 54 57 61 64 65 67 68 69 70 73 76 77 78 79 80 84 85 86 87 96 97 98 99 
12 4 5 6 10 22 23 26 27 32 44 50 53 58 59 63 67 69 72 73 76 78 80 81 83 85 86 87 91 92 95 96 
24 6 9 11 14 16 17 19 20 29 30 31 32 35 38 39 41 44 45 48 49 58 63 67 70 71 73 76 77 79 80 84 85 87 92 98 
20 6 7 8 10 13 17 19 23 24 28 32 37 38 41 42 48 51 52 53 55 57 60 62 63 66 70 72 75 76 81 84 85 87 89 91 93 95 99 100 
20 1 3 4 6 7 9 16 17 22 23 25 29 30 32 33 36 38 41 42 46 47 48 49 50 53 56 59 62 63 69 70 78 82 84 85 86 92 93 95 96 98 99 100 
18 5 6 7 9 10 11 13 15 17 18 20 21 22 33 37 40 41 43 45 46 47 50 55 57 59 62 64 65 66 67 69 77 78 79 81 89 90 93 96 97 98 
28 1 5 6 8 13 14 15 16 24 26 27 28 29 31 32 34 36 37 40 48 50 51 53 56 61 64 67 70 71 75 77 81 83 85 95 96 97 99 100 
15 3 6 7 8 16 23 24 25 26 27 29 38 42 44 46 47 52 54 58 60 61 63 66 68 75 76 79 84 85 86 87 89 95 100 
13 1 2 4 5 6 9 13 14 20 26 28 29 31 33 34 36 37 38 43 46 47 48 51 53 54 57 58 59 61 62 63 64 65 71 72 73 74 75 76 78 80 81 84 91 92 93 94 95 100 
10 3 4 6 8 13 16 19 25 26 35 39 41 42 44 46 50 54 63 66 74 75 77 79 80 86 92 94 97 
21 1 2 3 5 6 9 11 16 22 24 27 32 35 38 43 44 46 55 63 64 66 69 71 78 79 80 82 83 86 88 89 90 95 96 99 
22 1 3 4 6 7 9 12 15 16 21 26 28 29 30 34 41 43 44 45 46 47 48 50 53 57 62 66 67 68 70 80 81 82 83 84 88 91 93 
15 1 2 3 5 6 7 8 10 11 12 14 15 18 24 26 30 31 33 35 39 43 46 52 53 54 58 59 65 70 71 72 74 75 78 82 83 84 91 94 95 99 100 
17 5 6 14 17 18 21 23 25 26 28 30 34 36 39 40 44 45 48 64 66 67 74 75 80 82 84 86 87 89 90 91 93 94 95 97 
18 3 4 6 15 18 20 24 27 34 37 38 40 45 46 54 55 59 60 62 73 75 80 81 82 83 86 88 92 94 95 96 97 99 100 
27 4 6 10 12 17 18 19 20 22 23 24 27 28 29 31 32 39 40 42 48 50 54 56 61 62 63 68 71 72 78 81 83 86 87 88 91 99 100 
15 5 6 7 10 12 17 18 21 25 26 30 32 33 34 35 41 44 45 46 50 52 54 58 59 60 61 62 63 66 67 70 72 75 76 78 79 83 85 87 88 90 96 97 98 99 
16 2 3 6 7 9 14 17 19 22 24 26 29 31 32 33 36 38 39 41 42 46 48 53 54 55 58 59 61 66 67 68 73 74 76 77 78 81 83 84 86 87 90 97 100 
19 1 2 6 8 13 15 17 18 19 22 26 28 32 33 34 35 37 43 47 48 50 53 54 55 56 57 58 59 62 64 67 74 75 77 78 80 81 86 87 90 93 96 97 100 
29 2 3 6 8 9 13 15 22 23 24 27 34 39 48 50 53 55 56 58 59 60 61 68 69 70 72 77 78 79 80 81 93 94 97 
23 1 3 6 7 8 9 10 13 17 19 23 26 28 32 35 37 38 39 41 45 48 52 53 54 55 59 63 67 73 74 76 82 83 84 85 90 91 95 98 
26 1 4 6 7 10 12 13 14 15 17 21 26 27 28 29 31 33 34 37 39 40 41 46 49 50 51 53 56 58 59 61 67 70 74 78 79 81 82 86 90 91 92 100 
17 2 6 9 10 11 15 16 19 23 27 28 29 32 37 38 40 43 46 48 49 50 52 55 56 63 66 67 74 75 78 80 82 84 87 90 94 97 100 
15 1 2 3 6 8 17 19 22 24 25 27 29 30 32 37 40 42 48 49 50 55 57 59 60 62 63 65 71 76 84 85 89 91 93 96 99 
12 1 4 6 7 8 10 13 20 21 23 27 29 31 36 39 43 44 47 48 57 58 60 61 64 65 67 71 72 75 76 78 79 81 82 83 84 85 86 89 90 95 96 100 
25 5 6 8 15 17 19 24 28 35 37 49 52 54 61 62 63 67 68 71 75 76 80 81 82 83 85 94 96 
11 1 6 9 14 16 17 19 25 29 31 32 33 34 36 38 39 41 43 44 45 46 47 48 50 53 57 58 59 62 67 69 75 76 77 78 79 80 81 91 93 94 96 
22 5 6 10 13 14 15 18 19 21 25 28 31 33 37 40 46 47 49 51 57 58 61 66 68 74 77 78 79 80 84 88 89 93 100 
26 1 3 4 5 6 9 11 13 20 23 24 26 28 30 31 32 35 37 43 44 45 48 51 52 57 59 62 63 65 67 73 74 75 79 80 83 84 85 93 94 95 96 99 100 
27 1 2 6 9 16 17 24 25 26 32 33 34 38 41 43 44 45 46 49 51 52 54 59 64 65 66 68 70 71 75 80 81 86 88 89 90 93 100 
22 3 4 5 6 9 10 13 14 15 16 20 22 27 28 31 32 37 40 44 47 49 50 51 53 55 57 58 60 64 66 67 68 73 74 76 78 79 81 87 89 96 98 
20 3 4 6 10 11 14 15 18 20 26 28 34 46 48 49 50 51 53 54 57 59 60 61 62 63 67 69 72 74 83 92 93 94 98 
15 5 6 11 16 19 21 22 23 29 33 35 37 39 40 47 49 54 58 67 68 70 71 73 74 77 81 87 96 97 98 99 
21 4 5 6 10 12 13 18 20 21 22 24 27 35 37 39 40 41 45 48 53 54 55 57 58 63 66 69 73 74 78 82 83 84 86 87 88 91 95 98 99 
10 2 4 5 6 7 11 13 16 22 24 25 27 31 37 39 40 44 49 52 53 55 58 59 60 63 67 68 71 72 73 83 84 87 90 96 97 98 100 
16 5 6 15 16 18 19 20 21 22 23 25 27 28 32 33 37 38 40 42 47 55 67 69 70 71 72 74 75 76 77 78 81 83 88 91 93 99 
29 3 6 7 8 10 11 15 16 18 19 22 29 35 37 38 41 43 46 52 54 56 57 60 61 62 63 65 68 74 78 79 85 86 90 94 95 97 
24 1 4 5 6 13 14 15 17 19 22 24 26 28 29 30 31 33 34 35 37 39 42 44 50 53 54 58 59 61 69 70 71 76 77 78 80 81 84 87 91 93 96 97 98 99 100 
28 4 6 9 13 15 32 33 34 36 38 40 41 42 43 45 50 51 52 53 54 55 56 57 59 64 68 70 71 72 73 74 75 79 82 85 87 90 91 93 94 95 99 100 
21 3 6 12 15 16 17 20 22 26 27 29 30 32 33 34 37 41 42 48 49 54 55 56 59 60 61 62 63 65 69 75 78 79 80 93 95 96 97 98 
29 6 7 9 14 17 19 32 38 39 40 41 42 49 53 56 57 58 60 64 66 67 70 73 74 75 76 77 79 81 83 85 87 91 93 96 98 
23 1 3 4 6 9 10 14 18 23 27 31 33 36 39 40 45 47 49 53 54 55 56 58 61 63 75 78 80 86 87 92 93 95 96 100 
19 6 9 12 14 15 17 19 22 23 28 29 30 31 32 37 41 42 44 45 48 49 51 52 58 60 61 63 64 66 68 71 73 74 79 81 82 85 87 92 94 96 100 
18 2 5 6 7 10 11 18 19 20 23 25 26 27 28 29 31 36 40 42 43 44 47 48 49 50 52 61 63 64 65 66 67 68 69 72 73 75 77 78 79 83 85 87 89 92 97 98 
11 1 2 4 6 9 14 16 21 25 28 29 30 31 33 34 41 44 45 46 49 50 52 60 61 62 63 66 67 70 77 78 79 80 82 88 89 91 93 95 96 98 100 
15 3 4 6 7 10 15 17 26 29 30 32 33 47 49 50 51 52 60 62 63 64 68 70 72 74 76 78 85 88 90 96 98 100 
21 1 2 3 5 6 9 10 11 14 16 19 22 29 34 35 37 38 39 41 42 44 47 49 51 61 62 64 66 69 73 78 85 92 93 95 
19 4 6 8 12 13 18 19 23 27 28 29 30 32 35 37 38 41 43 44 45 48 51 52 53 59 60 64 65 70 72 73 89 97 98 
11 2 3 4 5 6 7 8 9 12 15 16 19 23 25 27 28 29 30 31 32 34 37 39 40 42 45 48 49 50 58 61 64 66 67 72 73 79 80 82 83 84 86 87 89 90 93 98 100 
29 1 2 3 4 6 7 14 18 25 27 30 34 35 41 42 45 47 50 51 53 55 56 58 63 66 67 68 69 70 71 77 78 80 82 83 89 90 97 98 
10 2 3 6 7 8 10 11 17 18 19 26 27 28 30 32 35 36 38 42 47 48 50 52 53 54 55 57 59 65 67 77 78 79 81 87 89 91 95 96 98 99 
23 2 4 6 8 9 10 14 15 16 19 22 25 26 27 29 34 36 37 39 42 47 50 55 56 57 64 69 71 72 73 79 83 85 86 89 92 93 94 95 97 99 
19 1 6 7 8 12 13 14 15 18 19 20 21 26 27 31 33 34 36 39 42 44 45 47 50 52 53 54 55 56 60 64 68 74 81 84 86 87 89 90 93 95 97 98 
26 1 2 3 6 7 9 10 11 16 17 19 21 24 29 35 40 41 49 51 53 54 56 57 58 59 62 63 67 69 74 76 77 79 80 81 82 83 86 88 92 
16 1 3 6 7 11 16 19 23 34 35 39 40 47 50 54 58 61 71 73 77 78 83 85 86 91 92 
19 3 4 6 14 16 18 20 21 22 24 27 28 33 38 40 41 44 51 53 54 55 57 59 60 67 69 71 72 73 74 78 80 85 87 91 92 93 95 99 
21 1 4 5 6 7 9 10 11 12 13 16 17 22 24 27 28 29 31 32 33 35 36 37 39 41 42 43 45 46 51 54 55 59 60 61 64 66 69 71 73 79 81 83 91 93 95 100 
17 2 4 6 9 11 18 22 26 28 30 36 38 40 41 43 45 47 49 53 54 56 60 63 69 75 85 86 88 89 93 94 95 100 
27 6 7 10 11 12 15 16 21 30 37 42 44 46 48 50 54 57 60 62 64 66 67 68 70 72 75 77 79 81 82 84 86 89 91 92 94 99 100 
24 2 4 6 7 8 11 13 14 15 17 22 23 27 30 32 40 43 46 48 49 51 55 56 58 60 69 74 77 78 80 82 84 92 99 100 
21 4 5 6 10 13 17 19 21 23 26 34 35 36 40 43 45 46 48 49 53 60 62 65 66 67 72 75 79 87 94 95 100 
14 1 6 8 12 14 19 23 26 27 30 35 42 45 46 49 54 56 58 59 62 66 69 71 76 78 83 84 87 89 95 96 97 99 100 
27 4 6 7 8 9 11 12 13 19 25 28 31 39 41 43 44 45 49 51 53 54 57 58 59 62 65 66 67 74 75 76 82 83 91 95 96 
27 2 6 8 10 19 20 23 24 28 29 31 32 33 38 39 41 42 43 44 46 47 49 51 53 56 63 64 66 70 73 75 80 81 84 85 86 89 90 93 94 98 99 
27 1 2 6 14 17 18 19 20 23 24 25 27 29 33 35 36 37 39 40 46 49 50 51 52 54 68 69 71 73 74 77 78 80 81 86 89 90 95 
23 1 5 6 9 11 12 13 14 18 19 27 28 31 34 35 36 37 41 46 48 51 56 64 72 73 77 86 87 88 89 92 94 98 
27 1 3 5 6 11 13 16 17 20 28 29 30 37 38 43 46 48 51 54 55 60 61 64 65 69 70 75 76 80 82 83 87 93 98 
23 1 5 6 11 12 15 16 19 21 23 26 27 28 29 30 32 33 35 37 38 41 44 46 47 48 50 52 54 55 56 57 60 61 65 66 70 72 75 79 80 82 83 85 88 90 91 95 97 98 99 
29 6 9 11 13 16 18 20 21 27 30 32 35 37 38 39 41 47 49 50 51 53 54 55 59 61 62 64 67 69 71 78 82 84 85 86 87 88 90 99 
12 2 3 6 7 11 12 13 19 20 21 22 24 25 29 30 33 36 37 38 39 40 48 50 52 55 59 60 64 66 70 74 75 77 78 82 84 85 86 87 89 91 92 94 95 97 98 99 100 
16 6 7 9 10 12 14 16 17 19 22 25 26 28 29 30 32 35 36 37 40 41 43 46 48 51 53 61 63 64 67 69 74 75 86 89 90 91 92 94 97 98 100 
21 1 5 6 9 15 21 22 23 24 25 31 32 33 35 36 44 49 53 55 59 60 64 69 70 73 77 78 79 80 83 94 97 98 
23 2 4 6 12 17 21 22 23 25 26 27 28 31 35 36 39 42 44 45 46 51 54 59 60 62 64 65 67 72 73 77 78 82 84 85 88 89 90 94 95 96 99 
26 1 2 3 4 5 6 8 10 11 13 14 15 18 19 22 23 24 28 31 33 34 35 38 39 44 45 48 59 63 69 70 72 74 79 80 83 85 90 91 93 97 
18 1 2 6 11 12 13 14 15 17 18 27 31 34 35 36 39 47 49 51 53 54 56 57 62 65 66 68 74 78 79 80 83 84 86 89 90 92 94 98 
22 2 6 11 12 15 18 20 21 24 25 26 28 29 32 35 40 44 47 52 59 62 63 64 65 68 69 74 75 76 79 80 81 85 93 98 100 
28 4 6 8 10 11 12 13 14 18 24 26 27 28 29 33 41 43 44 45 48 49 51 52 53 54 59 61 63 66 71 72 76 77 79 80 89 93 99 
21 2 4 6 7 21 22 25 26 27 38 40 44 46 55 56 64 68 76 78 79 83 91 92 96 100 
21 5 6 7 9 14 16 18 21 24 34 35 38 40 41 54 55 58 59 60 61 62 63 68 69 72 74 75 76 80 81 83 85 87 96 100 
29 3 6 16 21 24 27 28 29 31 32 33 35 40 45 47 49 56 59 60 63 74 75 78 79 81 83 84 85 95 96 97 
20 1 4 5 6 7 12 14 19 22 23 24 26 31 32 34 37 44 46 48 49 51 55 61 65 66 67 69 73 78 80 81 84 88 95 97 
19 1 6 7 8 9 12 13 15 19 20 25 32 42 52 53 54 57 62 64 65 66 69 70 76 80 81 85 88 93 96 98 99 
27 3 5 6 7 10 14 15 16 19 22 24 29 30 34 37 38 39 40 42 46 48 49 50 51 52 55 57 59 62 63 66 67 68 74 77 84 86 87 92 95 96 100 
10 4 6 7 10 19 20 23 24 25 30 33 36 37 39 42 47 49 53 62 68 69 71 74 76 80 81 82 83 85 98 99 
27 3 6 9 10 12 14 15 17 18 19 21 23 24 25 31 35 39 44 47 49 50 52 55 57 61 62 63 66 67 68 71 72 73 75 78 80 83 90 91 93 98 
25 2 6 8 9 11 12 15 16 17 21 25 27 29 34 35 36 37 39 41 43 45 48 50 51 52 53 55 56 61 72 73 83 88 89 90 92 93 97 98 
19 5 6 8 11 16 17 20 24 25 27 28 29 30 33 43 45 47 48 50 54 58 60 62 63 72 78 80 81 82 84 90 91 96 100 
23 1 6 9 11 13 15 16 27 31 41 42 43 44 45 48 50 51 54 55 56 58 59 60 61 63 74 76 77 78 80 81 82 85 86 92 94 95 96 99 100 
27 2 3 4 5 6 7 9 11 14 15 17 21 23 25 26 27 34 39 43 44 46 48 49 61 62 66 69 70 72 74 78 79 80 83 87 92 94 98 
21 3 6 7 14 15 17 18 19 23 25 26 28 29 32 33 35 38 39 40 45 48 49 52 53 55 56 59 67 68 69 70 71 72 80 81 86 88 89 93 97 98 
0