40
42 3 18 33 
98 3 4 18 23 
25 1 2 4 5 6 7 8 9 10 11 12 13 14 15 16 17 18 19 20 21 22 23 24 25 26 27 28 29 30 31 32 33 34 35 36 37 38 39 40 
46 2 3 30 32 
81 3 
26 3 11 16 24 25 
76 3 
46 3 34 
89 3 27 
90 3 37 
16 3 6 
48 3 35 39 
20 3 15 23 
94 3 
48 3 13 16 
44 3 6 15 27 
41 3 25 31 35 
21 1 2 3 20 30 33 
90 3 
17 3 18 33 38 
40 3 40 
96 3 31 
85 2 3 13 
48 3 6 
88 3 6 17 37 38 
70 3 
47 3 9 16 37 
76 3 
38 3 
98 3 4 18 
25 3 17 22 
42 3 4 37 
88 1 3 18 20 
21 3 8 
31 3 12 17 
12 3 37 
19 3 10 25 27 32 36 
66 3 20 25 
90 3 12 40 
98 3 21 39 
40
42 3 6 7 18 33 
98 3 4 5 9 11 12 18 23 25 28 
25 1 2 4 5 6 7 8 9 10 11 12 13 14 15 16 17 18 19 20 21 22 23 24 25 26 27 28 29 30 31 32 33 34 35 36 37 38 39 40 
46 2 3 6 10 30 32 36 
81 2 3 21 24 
26 1 3 4 11 13 14 16 17 20 22 24 25 29 
76 1 3 39 
46 3 11 14 15 34 
89 2 3 25 26 27 
90 3 4 11 21 27 29 37 
16 2 3 6 8 10 39 
48 2 3 25 26 31 35 39 
20 3 6 15 23 25 
94 3 6 8 18 21 24 35 
48 3 8 13 16 
44 3 6 15 17 22 27 30 
41 3 6 16 18 25 31 35 
21 1 2 3 14 17 20 30 33 34 
90 3 25 
17 3 6 18 21 24 25 33 36 38 
40 3 5 10 14 20 37 40 
96 3 6 16 23 29 31 34 
85 2 3 13 22 
48 3 5 6 14 20 29 
88 2 3 6 9 12 13 17 19 20 37 38 
70 3 9 12 28 33 39 
47 3 9 10 16 29 37 
76 2 3 26 35 37 
38 3 6 10 22 24 27 36 
98 3 4 16 18 36 
25 3 12 17 22 38 
42 3 4 37 
88 1 3 18 20 26 
21 3 8 18 22 
31 3 12 14 17 28 
12 3 4 20 29 30 37 
19 3 10 21 25 27 28 32 36 
66 3 20 25 31 39 
90 3 7 11 12 26 38 40 
98 3 21 39 
40
42 3 6 7 9 17 18 33 
98 3 4 5 9 11 12 18 23 25 28 
25 1 2 4 5 6 7 8 9 10 11 12 13 14 15 16 17 18 19 20 21 22 23 24 25 26 27 28 29 30 31 32 33 34 35 36 37 38 39 40 
46 2 3 6 10 12 21 27 30 32 36 38 
81 2 3 6 8 15 21 24 29 
26 1 3 4 5 11 13 14 16 17 20 22 24 25 29 32 
76 1 3 19 25 30 39 
46 3 5 11 14 15 19 22 23 26 28 33 34 
89 1 2 3 25 26 27 33 36 38 40 
90 3 4 11 21 22 27 29 37 
16 2 3 6 8 10 12 39 
48 2 3 4 11 25 26 27 28 31 33 35 39 
20 3 6 15 17 20 23 25 
94 3 6 8 18 21 24 26 29 34 35 40 
48 3 5 8 13 16 23 24 30 34 39 
44 3 6 15 17 22 27 30 34 40 
41 1 3 6 13 16 18 25 26 27 31 32 35 
21 1 2 3 14 17 20 30 32 33 34 
90 3 7 8 25 
17 3 6 13 18 21 22 24 25 32 33 36 38 
40 3 4 5 10 14 20 36 37 40 
96 3 6 8 10 16 20 23 27 29 31 34 36 
85 2 3 8 13 15 22 36 
48 3 5 6 14 15 20 29 37 38 
88 2 3 6 7 9 12 13 17 19 20 34 37 38 
70 3 8 9 12 14 17 28 33 39 
47 3 4 9 10 12 16 17 22 29 37 40 
76 2 3 8 12 26 32 35 37 
38 3 5 6 10 14 22 24 27 36 37 40 
98 3 4 7 15 16 18 36 
25 3 12 17 22 32 38 40 
42 3 4 6 17 18 20 28 31 37 
88 1 3 8 9 12 18 20 26 
21 3 8 14 15 16 18 22 25 
31 3 12 14 17 28 37 
12 3 4 9 20 21 22 23 29 30 37 
19 3 10 21 24 25 27 28 29 32 35 36 
66 3 4 9 20 24 25 31 39 
90 3 7 11 12 15 26 38 40 
98 3 9 14 16 21 27 29 31 39 
40
42 3 6 7 9 11 17 18 23 33 34 39 
98 3 4 5 6 9 11 12 13 18 23 25 28 34 37 38 
25 1 2 4 5 6 7 8 9 10 11 12 13 14 15 16 17 18 19 20 21 22 23 24 25 26 27 28 29 30 31 32 33 34 35 36 37 38 39 40 
46 2 3 6 10 12 13 21 27 30 32 36 38 
81 2 3 6 8 15 21 24 26 29 32 33 35 
26 1 2 3 4 5 11 13 14 16 17 20 22 24 25 29 32 
76 1 3 10 19 20 25 30 39 
46 3 5 11 14 15 19 22 23 24 25 26 28 33 34 
89 1 2 3 25 26 27 33 36 38 40 
90 3 4 7 11 13 14 21 22 27 29 37 
16 1 2 3 6 8 10 12 36 39 
48 2 3 4 11 13 14 23 25 26 27 28 30 31 33 35 39 
20 2 3 4 6 10 12 15 17 20 23 25 
94 3 6 8 10 12 18 21 24 26 29 34 35 40 
48 3 5 8 13 16 17 23 24 30 34 39 
44 3 6 15 17 22 27 30 34 39 40 
41 1 3 6 13 15 16 18 23 25 26 27 30 31 32 35 
21 1 2 3 14 17 20 30 32 33 34 35 39 
90 3 7 8 21 25 27 37 
17 3 6 7 13 18 21 22 24 25 27 30 32 33 36 38 
40 3 4 5 10 14 19 20 23 29 32 36 37 39 40 
96 3 6 8 10 16 20 23 27 29 31 34 36 38 
85 1 2 3 8 12 13 15 17 21 22 36 
48 3 5 6 8 14 15 20 29 37 38 
88 2 3 6 7 8 9 12 13 17 19 20 34 37 38 39 
70 3 5 8 9 12 14 17 28 33 38 39 
47 3 4 9 10 12 16 17 19 20 22 29 35 37 40 
76 2 3 8 12 26 32 35 37 
38 3 5 6 10 14 21 22 24 27 30 36 37 40 
98 3 4 7 12 15 16 17 18 20 29 36 38 40 
25 3 12 17 22 32 37 38 40 
42 3 4 5 6 17 18 20 21 28 31 37 38 40 
88 1 3 5 8 9 12 18 20 26 35 
21 1 2 3 8 14 15 16 18 22 25 35 36 
31 3 5 12 14 17 18 27 28 33 34 37 
12 3 4 9 11 20 21 22 23 29 30 34 37 
19 2 3 10 19 21 24 25 27 28 29 31 32 35 36 38 
66 2 3 4 9 20 22 24 25 26 30 31 32 37 39 
90 1 3 7 11 12 15 16 18 21 25 26 38 40 
98 3 9 14 16 21 27 29 30 31 32 39 
40
42 3 4 6 7 9 11 17 18 21 23 33 34 39 40 
98 3 4 5 6 9 11 12 13 16 18 23 25 28 34 37 38 
25 1 2 4 5 6 7 8 9 10 11 12 13 14 15 16 17 18 19 20 21 22 23 24 25 26 27 28 29 30 31 32 33 34 35 36 37 38 39 40 
46 1 2 3 6 10 12 13 16 21 22 27 30 32 36 38 
81 2 3 6 7 8 15 21 24 26 28 29 32 33 35 36 
26 1 2 3 4 5 11 13 14 16 17 19 20 21 22 24 25 28 29 32 36 
76 1 3 5 10 19 20 25 26 30 33 37 39 40 
46 3 5 11 12 14 15 19 22 23 24 25 26 28 30 33 34 
89 1 2 3 21 25 26 27 33 35 36 38 40 
90 3 4 7 11 13 14 21 22 27 29 30 37 38 
16 1 2 3 6 8 10 12 36 38 39 
48 2 3 4 8 11 13 14 23 25 26 27 28 29 30 31 33 35 39 
20 2 3 4 6 10 12 15 17 20 23 25 
94 3 6 8 10 12 15 18 21 24 26 29 33 34 35 40 
48 3 5 8 13 14 16 17 20 23 24 29 30 34 36 39 
44 2 3 4 6 15 17 22 24 27 30 34 39 40 
41 1 3 6 13 15 16 18 23 25 26 27 30 31 32 35 
21 1 2 3 14 17 20 22 27 30 32 33 34 35 37 39 
90 3 6 7 8 20 21 25 27 31 37 40 
17 3 6 7 13 15 18 19 21 22 24 25 27 29 30 32 33 36 38 39 
40 1 3 4 5 6 9 10 14 19 20 23 27 29 31 32 36 37 39 40 
96 3 4 6 8 10 16 18 20 23 27 29 31 34 36 38 
85 1 2 3 8 12 13 15 17 21 22 36 
48 3 5 6 8 14 15 16 20 26 29 31 32 37 38 
88 2 3 6 7 8 9 12 13 17 19 20 34 37 38 39 
70 3 5 7 8 9 12 14 17 24 28 33 38 39 
47 3 4 9 10 12 16 17 18 19 20 21 22 29 31 35 37 40 
76 2 3 5 6 8 12 26 30 32 35 37 
38 3 5 6 10 12 14 15 20 21 22 24 27 30 34 36 37 40 
98 3 4 7 8 10 12 15 16 17 18 20 28 29 36 38 40 
25 3 12 17 19 21 22 24 27 32 33 37 38 40 
42 3 4 5 6 17 18 20 21 24 28 31 33 36 37 38 40 
88 1 3 5 7 8 9 12 14 18 20 26 31 32 35 
21 1 2 3 8 14 15 16 18 22 25 29 35 36 
31 3 5 9 12 14 17 18 27 28 33 34 37 
12 3 4 5 6 9 11 15 20 21 22 23 29 30 32 34 37 
19 2 3 7 10 18 19 21 24 25 27 28 29 31 32 35 36 38 
66 2 3 4 9 10 11 20 22 24 25 26 30 31 32 37 39 
90 1 3 7 11 12 15 16 18 20 21 25 26 38 40 
98 1 3 7 9 14 16 19 21 27 29 30 31 32 39 
40
42 3 4 6 7 9 11 14 17 18 21 23 32 33 34 38 39 40 
98 3 4 5 6 9 10 11 12 13 16 18 20 22 23 25 28 34 37 38 
25 1 2 4 5 6 7 8 9 10 11 12 13 14 15 16 17 18 19 20 21 22 23 24 25 26 27 28 29 30 31 32 33 34 35 36 37 38 39 40 
46 1 2 3 6 10 12 13 16 17 21 22 27 30 32 34 36 38 
81 2 3 6 7 8 13 15 16 21 24 26 28 29 32 33 35 36 
26 1 2 3 4 5 11 13 14 16 17 19 20 21 22 24 25 27 28 29 32 36 
76 1 3 5 10 13 19 20 25 26 28 29 30 33 37 39 40 
46 3 5 11 12 14 15 19 22 23 24 25 26 28 30 33 34 
89 1 2 3 13 14 21 25 26 27 29 33 35 36 38 40 
90 2 3 4 7 11 13 14 17 21 22 27 29 30 33 37 38 
16 1 2 3 6 8 10 12 15 25 27 36 38 39 
48 2 3 4 8 11 13 14 22 23 25 26 27 28 29 30 31 33 35 37 39 
20 2 3 4 5 6 7 9 10 12 15 17 20 23 25 
94 1 3 6 8 9 10 12 15 18 21 23 24 26 29 33 34 35 40 
48 3 5 8 11 13 14 16 17 20 23 24 29 30 32 34 36 37 39 40 
44 2 3 4 5 6 15 17 22 24 27 30 33 34 39 40 
41 1 3 4 6 10 13 15 16 18 21 23 25 26 27 28 30 31 32 33 35 
21 1 2 3 14 17 20 22 25 27 30 32 33 34 35 36 37 39 
90 3 6 7 8 20 21 25 27 31 37 40 
17 2 3 6 7 13 15 18 19 21 22 23 24 25 27 29 30 32 33 36 38 39 
40 1 3 4 5 6 9 10 14 17 19 20 23 25 27 29 31 32 36 37 39 40 
96 2 3 4 6 8 10 12 16 18 20 23 27 29 30 31 34 36 38 
85 1 2 3 8 12 13 14 15 17 20 21 22 27 35 36 
48 3 5 6 8 14 15 16 20 26 29 31 32 36 37 38 
88 2 3 6 7 8 9 11 12 13 17 18 19 20 21 34 37 38 39 
70 3 5 7 8 9 12 14 17 24 28 33 38 39 
47 3 4 6 9 10 11 12 16 17 18 19 20 21 22 23 28 29 31 35 37 40 
76 2 3 5 6 7 8 12 17 26 27 30 32 34 35 36 37 
38 3 5 6 7 9 10 12 14 15 20 21 22 24 27 30 32 34 36 37 40 
98 3 4 7 8 10 12 15 16 17 18 20 22 28 29 31 36 38 40 
25 3 12 17 19 21 22 24 27 30 32 33 37 38 40 
42 1 3 4 5 6 15 17 18 20 21 24 28 29 31 33 36 37 38 40 
88 1 3 5 7 8 9 10 12 14 16 17 18 20 26 31 32 35 
21 1 2 3 4 8 14 15 16 18 22 25 28 29 35 36 38 
31 3 5 9 12 14 17 18 23 27 28 33 34 37 
12 3 4 5 6 9 11 15 18 20 21 22 23 24 28 29 30 32 34 37 
19 2 3 7 10 12 15 18 19 21 24 25 27 28 29 31 32 35 36 38 
66 1 2 3 4 9 10 11 20 22 24 25 26 30 31 32 34 37 39 
90 1 3 7 11 12 15 16 18 20 21 25 26 38 40 
98 1 3 7 9 14 15 16 19 21 27 29 30 31 32 39 
40
42 3 4 6 7 9 11 13 14 17 18 21 23 29 32 33 34 38 39 40 
98 3 4 5 6 7 9 10 11 12 13 16 18 20 22 23 25 28 29 31 34 37 38 
25 1 2 4 5 6 7 8 9 10 11 12 13 14 15 16 17 18 19 20 21 22 23 24 25 26 27 28 29 30 31 32 33 34 35 36 37 38 39 40 
46 1 2 3 6 9 10 12 13 16 17 21 22 27 30 32 33 34 36 38 
81 2 3 6 7 8 13 15 16 21 24 26 27 28 29 32 33 35 36 
26 1 2 3 4 5 11 13 14 16 17 19 20 21 22 24 25 27 28 29 32 36 
76 1 2 3 5 10 13 14 19 20 25 26 28 29 30 33 34 37 39 40 
46 3 5 10 11 12 14 15 19 22 23 24 25 26 28 30 33 34 38 40 
89 1 2 3 4 13 14 19 20 21 25 26 27 29 33 35 36 38 40 
90 2 3 4 7 8 11 12 13 14 17 21 22 27 29 30 33 37 38 
16 1 2 3 6 8 10 12 15 17 18 25 26 27 36 38 39 
48 2 3 4 8 10 11 13 14 22 23 25 26 27 28 29 30 31 33 35 37 38 39 
20 1 2 3 4 5 6 7 9 10 12 15 17 20 23 25 32 36 
94 1 3 6 7 8 9 10 12 15 18 20 21 23 24 26 29 33 34 35 40 
48 3 5 8 11 13 14 16 17 20 23 24 29 30 32 34 36 37 39 40 
44 2 3 4 5 6 15 17 22 24 27 30 33 34 39 40 
41 1 3 4 6 10 11 13 15 16 18 20 21 23 25 26 27 28 30 31 32 33 35 
21 1 2 3 11 14 17 20 22 25 27 30 32 33 34 35 36 37 39 
90 3 6 7 8 9 20 21 23 25 27 31 37 39 40 
17 2 3 6 7 9 13 14 15 17 18 19 21 22 23 24 25 27 29 30 32 33 36 38 39 
40 1 3 4 5 6 9 10 14 17 19 20 23 25 27 29 31 32 36 37 39 40 
96 2 3 4 6 8 10 12 16 18 20 23 26 27 29 30 31 34 36 38 
85 1 2 3 8 12 13 14 15 17 19 20 21 22 27 35 36 37 
48 3 5 6 8 14 15 16 20 26 29 31 32 36 37 38 39 
88 2 3 6 7 8 9 11 12 13 17 18 19 20 21 26 34 37 38 39 
70 3 5 7 8 9 11 12 14 17 22 24 25 28 32 33 38 39 
47 3 4 5 6 9 10 11 12 16 17 18 19 20 21 22 23 28 29 31 35 37 40 
76 2 3 5 6 7 8 12 17 26 27 30 32 33 34 35 36 37 38 
38 1 2 3 5 6 7 9 10 12 14 15 20 21 22 24 27 30 32 34 36 37 40 
98 3 4 7 8 10 12 15 16 17 18 20 22 28 29 31 35 36 38 40 
25 2 3 12 17 19 21 22 24 27 30 32 33 34 37 38 40 
42 1 3 4 5 6 13 15 17 18 20 21 24 26 28 29 31 33 36 37 38 40 
88 1 3 4 5 7 8 9 10 12 14 16 17 18 20 26 28 31 32 34 35 
21 1 2 3 4 7 8 14 15 16 18 22 25 28 29 31 33 35 36 38 
31 3 5 9 12 14 17 18 23 27 28 30 33 34 37 
12 3 4 5 6 9 11 13 15 18 20 21 22 23 24 28 29 30 32 34 37 
19 2 3 7 10 12 15 18 19 21 23 24 25 27 28 29 31 32 35 36 38 
66 1 2 3 4 8 9 10 11 12 20 22 24 25 26 28 30 31 32 34 37 39 40 
90 1 3 7 11 12 15 16 18 19 20 21 24 25 26 38 40 
98 1 3 7 8 9 14 15 16 19 21 27 29 30 31 32 38 39 
40
42 3 4 6 7 9 10 11 13 14 17 18 21 23 26 29 32 33 34 38 39 40 
98 3 4 5 6 7 9 10 11 12 13 14 16 18 20 22 23 24 25 28 29 31 34 37 38 39 
25 1 2 4 5 6 7 8 9 10 11 12 13 14 15 16 17 18 19 20 21 22 23 24 25 26 27 28 29 30 31 32 33 34 35 36 37 38 39 40 
46 1 2 3 6 9 10 12 13 16 17 21 22 24 27 30 32 33 34 36 38 
81 2 3 6 7 8 13 15 16 17 19 21 24 26 27 28 29 31 32 33 35 36 39 
26 1 2 3 4 5 9 11 13 14 15 16 17 19 20 21 22 24 25 27 28 29 32 33 36 38 
76 1 2 3 5 10 13 14 15 18 19 20 25 26 28 29 30 33 34 37 38 39 40 
46 3 5 10 11 12 14 15 19 22 23 24 25 26 27 28 30 33 34 38 40 
89 1 2 3 4 6 13 14 15 19 20 21 25 26 27 29 33 34 35 36 38 40 
90 1 2 3 4 7 8 11 12 13 14 17 21 22 27 29 30 31 33 37 38 
16 1 2 3 6 8 10 12 15 17 18 25 26 27 36 38 39 
48 2 3 4 8 10 11 13 14 22 23 25 26 27 28 29 30 31 32 33 35 37 38 39 
20 1 2 3 4 5 6 7 9 10 12 15 17 20 23 25 32 36 
94 1 2 3 6 7 8 9 10 12 15 18 20 21 23 24 26 27 29 33 34 35 37 40 
48 3 5 6 7 8 9 11 13 14 16 17 19 20 23 24 26 29 30 32 34 36 37 39 40 
44 2 3 4 5 6 15 17 22 24 27 30 33 34 39 40 
41 1 3 4 5 6 10 11 13 15 16 18 20 21 23 25 26 27 28 30 31 32 33 35 
21 1 2 3 7 11 14 17 20 22 25 27 28 30 32 33 34 35 36 37 39 
90 3 5 6 7 8 9 15 20 21 23 25 27 31 33 37 39 40 
17 2 3 6 7 9 13 14 15 17 18 19 21 22 23 24 25 27 29 30 32 33 34 36 38 39 
40 1 3 4 5 6 9 10 14 17 19 20 23 25 27 29 31 32 34 36 37 39 40 
96 2 3 4 6 8 10 12 16 18 20 23 26 27 29 30 31 34 36 38 
85 1 2 3 8 12 13 14 15 17 19 20 21 22 27 32 33 35 36 37 38 
48 2 3 4 5 6 8 14 15 16 20 26 29 31 32 36 37 38 39 
88 2 3 6 7 8 9 11 12 13 17 18 19 20 21 26 34 37 38 39 
70 1 3 5 7 8 9 11 12 14 15 17 22 24 25 28 32 33 38 39 
47 3 4 5 6 8 9 10 11 12 14 16 17 18 19 20 21 22 23 28 29 31 34 35 37 40 
76 2 3 5 6 7 8 12 17 18 26 27 30 32 33 34 35 36 37 38 
38 1 2 3 5 6 7 9 10 12 14 15 20 21 22 24 27 30 32 34 36 37 40 
98 3 4 7 8 10 12 15 16 17 18 20 22 28 29 31 33 35 36 38 40 
25 2 3 5 10 12 17 19 21 22 24 27 30 32 33 34 37 38 40 
42 1 3 4 5 6 12 13 15 17 18 20 21 23 24 26 28 29 31 33 36 37 38 40 
88 1 3 4 5 6 7 8 9 10 12 14 16 17 18 19 20 23 26 28 30 31 32 34 35 37 40 
21 1 2 3 4 7 8 9 14 15 16 18 20 21 22 25 27 28 29 31 33 35 36 38 
31 3 5 9 12 14 17 18 23 27 28 30 33 34 37 
12 3 4 5 6 9 11 13 15 18 20 21 22 23 24 28 29 30 32 34 37 
19 2 3 7 10 12 14 15 18 19 21 23 24 25 27 28 29 31 32 33 35 36 38 
66 1 2 3 4 6 7 8 9 10 11 12 20 22 23 24 25 26 28 30 31 32 34 37 39 40 
90 1 2 3 5 7 11 12 15 16 18 19 20 21 24 25 26 38 40 
98 1 3 7 8 9 14 15 16 19 21 27 29 30 31 32 33 38 39 
40
42 3 4 6 7 8 9 10 11 13 14 17 18 21 23 26 29 32 33 34 38 39 40 
98 3 4 5 6 7 9 10 11 12 13 14 15 16 18 20 22 23 24 25 28 29 31 34 37 38 39 
25 1 2 4 5 6 7 8 9 10 11 12 13 14 15 16 17 18 19 20 21 22 23 24 25 26 27 28 29 30 31 32 33 34 35 36 37 38 39 40 
46 1 2 3 6 9 10 12 13 16 17 21 22 24 27 30 32 33 34 36 38 39 
81 2 3 6 7 8 13 15 16 17 19 21 24 26 27 28 29 31 32 33 35 36 39 
26 1 2 3 4 5 9 11 13 14 15 16 17 19 20 21 22 24 25 27 28 29 32 33 36 38 
76 1 2 3 5 10 11 13 14 15 18 19 20 21 25 26 27 28 29 30 33 34 37 38 39 40 
46 1 3 5 10 11 12 14 15 19 22 23 24 25 26 27 28 30 33 34 38 40 
89 1 2 3 4 6 13 14 15 18 19 20 21 23 25 26 27 29 33 34 35 36 38 40 
90 1 2 3 4 7 8 11 12 13 14 17 21 22 23 27 29 30 31 33 34 37 38 
16 1 2 3 6 7 8 10 12 15 17 18 25 26 27 28 36 38 39 
48 2 3 4 8 10 11 13 14 22 23 25 26 27 28 29 30 31 32 33 35 37 38 39 
20 1 2 3 4 5 6 7 9 10 12 15 17 19 20 23 25 32 36 
94 1 2 3 6 7 8 9 10 12 15 18 20 21 23 24 26 27 29 33 34 35 37 39 40 
48 2 3 5 6 7 8 9 11 13 14 16 17 19 20 23 24 26 29 30 32 34 36 37 39 40 
44 2 3 4 5 6 15 17 22 24 26 27 30 33 34 36 39 40 
41 1 3 4 5 6 10 11 13 15 16 18 20 21 23 25 26 27 28 30 31 32 33 35 38 
21 1 2 3 7 9 11 14 17 20 22 24 25 27 28 30 32 33 34 35 36 37 39 
90 3 5 6 7 8 9 13 15 20 21 23 25 27 30 31 33 37 39 40 
17 2 3 6 7 9 13 14 15 17 18 19 21 22 23 24 25 27 29 30 32 33 34 36 38 39 
40 1 3 4 5 6 7 9 10 14 17 19 20 23 25 27 29 31 32 34 36 37 39 40 
96 2 3 4 6 8 10 12 16 18 20 23 26 27 29 30 31 34 36 38 40 
85 1 2 3 8 9 10 12 13 14 15 17 19 20 21 22 24 27 29 32 33 35 36 37 38 
48 2 3 4 5 6 8 14 15 16 18 20 23 26 29 31 32 33 36 37 38 39 
88 2 3 6 7 8 9 11 12 13 17 18 19 20 21 26 27 34 36 37 38 39 
70 1 3 5 7 8 9 11 12 14 15 16 17 22 24 25 28 32 33 36 38 39 
47 3 4 5 6 7 8 9 10 11 12 14 16 17 18 19 20 21 22 23 25 28 29 30 31 34 35 36 37 40 
76 2 3 5 6 7 8 11 12 17 18 26 27 30 32 33 34 35 36 37 38 
38 1 2 3 5 6 7 9 10 12 14 15 20 21 22 23 24 27 30 31 32 34 36 37 40 
98 3 4 7 8 10 12 15 16 17 18 19 20 22 27 28 29 31 32 33 35 36 38 40 
25 2 3 5 10 12 17 19 21 22 24 27 29 30 32 33 34 35 37 38 40 
42 1 3 4 5 6 12 13 15 17 18 20 21 23 24 26 28 29 30 31 33 36 37 38 40 
88 1 3 4 5 6 7 8 9 10 12 14 16 17 18 19 20 23 24 26 28 30 31 32 34 35 37 40 
21 1 2 3 4 7 8 9 10 14 15 16 18 20 21 22 25 27 28 29 31 33 35 36 38 40 
31 3 5 9 12 14 17 18 23 27 28 30 31 33 34 37 39 40 
12 3 4 5 6 9 11 13 15 16 18 20 21 22 23 24 25 26 27 28 29 30 32 34 37 
19 2 3 7 10 12 14 15 18 19 21 23 24 25 27 28 29 31 32 33 35 36 38 
66 1 2 3 4 6 7 8 9 10 11 12 17 20 22 23 24 25 26 28 30 31 32 34 37 39 40 
90 1 2 3 4 5 7 11 12 14 15 16 18 19 20 21 24 25 26 35 38 40 
98 1 3 7 8 9 14 15 16 19 21 22 27 29 30 31 32 33 34 35 38 39 
40
42 3 4 6 7 8 9 10 11 13 14 17 18 21 23 24 26 29 32 33 34 38 39 40 
98 3 4 5 6 7 9 10 11 12 13 14 15 16 18 20 22 23 24 25 27 28 29 31 34 37 38 39 
25 1 2 4 5 6 7 8 9 10 11 12 13 14 15 16 17 18 19 20 21 22 23 24 25 26 27 28 29 30 31 32 33 34 35 36 37 38 39 40 
46 1 2 3 6 9 10 12 13 16 17 21 22 24 27 30 32 33 34 36 38 39 
81 2 3 6 7 8 13 15 16 17 19 21 24 26 27 28 29 31 32 33 35 36 39 
26 1 2 3 4 5 9 10 11 13 14 15 16 17 19 20 21 22 24 25 27 28 29 32 33 36 38 
76 1 2 3 5 10 11 13 14 15 18 19 20 21 25 26 27 28 29 30 33 34 37 38 39 40 
46 1 3 5 9 10 11 12 14 15 19 20 22 23 24 25 26 27 28 29 30 33 34 38 40 
89 1 2 3 4 6 8 13 14 15 18 19 20 21 23 24 25 26 27 29 33 34 35 36 38 40 
90 1 2 3 4 6 7 8 11 12 13 14 17 21 22 23 27 29 30 31 33 34 35 37 38 
16 1 2 3 6 7 8 10 12 15 17 18 25 26 27 28 36 38 39 
48 2 3 4 8 10 11 13 14 21 22 23 25 26 27 28 29 30 31 32 33 35 37 38 39 
20 1 2 3 4 5 6 7 9 10 12 15 17 19 20 23 25 32 35 36 37 
94 1 2 3 6 7 8 9 10 12 15 17 18 20 21 23 24 25 26 27 29 33 34 35 37 39 40 
48 2 3 5 6 7 8 9 11 13 14 16 17 19 20 23 24 25 26 29 30 32 34 36 37 39 40 
44 2 3 4 5 6 15 17 22 24 26 27 30 33 34 36 39 40 
41 1 3 4 5 6 10 11 13 14 15 16 18 20 21 23 24 25 26 27 28 30 31 32 33 35 36 38 
21 1 2 3 7 9 11 14 17 20 21 22 24 25 27 28 30 32 33 34 35 36 37 39 
90 3 5 6 7 8 9 13 15 20 21 23 25 27 30 31 32 33 37 39 40 
17 2 3 6 7 8 9 13 14 15 17 18 19 21 22 23 24 25 27 29 30 32 33 34 36 38 39 40 
40 1 3 4 5 6 7 9 10 12 14 17 18 19 20 23 25 26 27 29 31 32 34 36 37 39 40 
96 2 3 4 6 8 10 12 16 18 20 23 26 27 29 30 31 34 36 38 40 
85 1 2 3 8 9 10 12 13 14 15 17 19 20 21 22 24 25 27 29 32 33 35 36 37 38 
48 1 2 3 4 5 6 8 9 14 15 16 17 18 20 23 26 27 29 31 32 33 36 37 38 39 
88 2 3 6 7 8 9 11 12 13 14 15 17 18 19 20 21 23 26 27 34 36 37 38 39 
70 1 3 5 7 8 9 11 12 14 15 16 17 21 22 24 25 28 32 33 36 38 39 
47 2 3 4 5 6 7 8 9 10 11 12 14 16 17 18 19 20 21 22 23 24 25 28 29 30 31 34 35 36 37 40 
76 2 3 5 6 7 8 11 12 17 18 26 27 30 31 32 33 34 35 36 37 38 
38 1 2 3 5 6 7 8 9 10 12 14 15 20 21 22 23 24 27 30 31 32 34 36 37 40 
98 3 4 7 8 10 12 15 16 17 18 19 20 22 27 28 29 31 32 33 35 36 37 38 40 
25 2 3 5 10 12 17 19 21 22 24 27 28 29 30 32 33 34 35 37 38 39 40 
42 1 3 4 5 6 12 13 15 17 18 19 20 21 23 24 26 28 29 30 31 33 34 36 37 38 40 
88 1 3 4 5 6 7 8 9 10 12 14 16 17 18 19 20 23 24 26 28 30 31 32 34 35 37 40 
21 1 2 3 4 7 8 9 10 14 15 16 18 20 21 22 25 27 28 29 31 32 33 35 36 38 40 
31 3 5 9 10 12 13 14 17 18 23 27 28 30 31 33 34 37 39 40 
12 3 4 5 6 9 11 13 15 16 17 18 20 21 22 23 24 25 26 27 28 29 30 32 34 37 
19 2 3 7 10 12 13 14 15 18 19 21 23 24 25 27 28 29 30 31 32 33 35 36 38 
66 1 2 3 4 6 7 8 9 10 11 12 17 20 22 23 24 25 26 28 30 31 32 34 37 39 40 
90 1 2 3 4 5 7 11 12 14 15 16 18 19 20 21 24 25 26 31 35 38 40 
98 1 3 7 8 9 14 15 16 19 20 21 22 27 29 30 31 32 33 34 35 38 39 
0