40
20 30 
96 8 30 
90 30 
28 13 20 30 35 
72 30 
17 12 30 
80 10 30 
13 2 11 29 30 
76 30 32 34 
46 7 28 30 
59 8 30 36 
55 6 18 22 30 32 
70 4 30 38 
28 30 39 
58 16 24 30 31 36 
46 15 30 
62 22 30 
90 12 30 35 38 
98 23 24 30 
18 4 30 
59 30 39 40 
54 12 17 30 36 
61 19 30 
64 15 19 30 
68 29 30 34 
14 30 33 40 
44 30 40 
67 10 30 
88 8 25 30 
91 1 2 3 4 5 6 7 8 9 10 11 12 13 14 15 16 17 18 19 20 21 22 23 24 25 26 27 28 29 31 32 33 34 35 36 37 38 39 40 
26 15 30 
14 9 12 30 37 
60 26 30 37 
29 9 25 30 40 
74 4 18 30 
57 11 15 22 30 
39 30 32 33 
30 13 18 30 
79 14 21 30 
73 21 26 27 30 34 
40
20 3 27 30 34 
96 8 30 
90 1 17 22 30 34 
28 5 9 13 20 28 30 35 
72 4 17 18 30 35 
17 12 14 22 28 30 32 38 
80 10 18 24 30 38 39 
13 2 11 19 29 30 36 
76 4 30 32 34 
46 7 14 16 28 30 
59 8 21 26 30 36 
55 6 18 22 26 30 32 40 
70 4 14 30 38 
28 6 10 13 16 18 22 28 30 36 39 
58 16 22 24 30 31 36 
46 10 14 15 20 23 30 31 35 36 
62 3 5 22 25 29 30 
90 5 7 12 14 21 27 30 34 35 38 39 
98 8 23 24 30 
18 4 16 21 30 37 
59 11 18 20 27 30 31 38 39 40 
54 3 6 12 14 15 17 30 34 36 
61 16 19 30 32 
64 7 15 19 30 37 
68 17 27 29 30 34 38 40 
14 11 12 30 33 36 40 
44 1 18 21 25 28 30 33 40 
67 4 6 10 14 27 30 34 
88 8 17 25 30 31 
91 1 2 3 4 5 6 7 8 9 10 11 12 13 14 15 16 17 18 19 20 21 22 23 24 25 26 27 28 29 31 32 33 34 35 36 37 38 39 40 
26 15 16 21 29 30 39 
14 6 9 12 23 30 37 
60 26 27 30 37 
29 1 3 9 18 22 25 28 30 39 40 
74 4 5 16 18 30 
57 8 11 14 15 16 22 26 30 39 
39 20 24 30 32 33 
30 6 7 13 18 21 25 30 
79 7 14 18 21 30 31 34 36 
73 12 21 25 26 27 30 34 
40
20 3 8 12 25 27 30 31 34 
96 8 18 26 30 31 33 37 
90 1 17 22 23 30 34 37 
28 5 9 13 20 28 30 33 35 
72 4 6 17 18 20 21 23 30 35 40 
17 5 11 12 14 17 22 28 30 31 32 38 
80 10 18 22 24 26 27 30 33 38 39 
13 1 2 11 17 19 24 27 29 30 36 
76 4 28 30 32 34 37 
46 7 13 14 16 28 30 35 
59 6 8 21 26 27 30 36 40 
55 1 6 18 22 26 28 30 32 35 38 40 
70 4 10 14 30 31 38 39 
28 6 10 13 16 18 22 28 30 31 36 39 
58 16 18 22 24 27 30 31 36 
46 10 14 15 17 20 23 28 30 31 35 36 
62 3 5 6 8 16 22 23 25 29 30 
90 2 5 7 12 14 15 21 27 30 34 35 38 39 
98 8 23 24 26 28 30 
18 4 5 16 21 22 30 37 
59 5 11 18 20 27 30 31 38 39 40 
54 3 6 7 12 14 15 17 20 30 34 36 
61 3 5 16 17 19 26 29 30 32 
64 7 8 15 19 30 37 38 
68 1 17 27 29 30 34 38 40 
14 2 7 11 12 19 23 29 30 31 33 36 40 
44 1 7 8 11 15 18 21 25 28 30 32 33 35 40 
67 4 6 9 10 12 14 16 19 27 30 34 38 
88 8 17 23 25 26 30 31 
91 1 2 3 4 5 6 7 8 9 10 11 12 13 14 15 16 17 18 19 20 21 22 23 24 25 26 27 28 29 31 32 33 34 35 36 37 38 39 40 
26 1 2 6 13 14 15 16 21 26 29 30 39 
14 6 9 12 23 27 30 37 
60 2 4 7 26 27 30 37 
29 1 3 9 18 22 25 28 30 39 40 
74 4 5 10 12 16 18 27 30 36 
57 8 11 14 15 16 22 26 30 35 37 38 39 
39 2 3 9 20 24 30 32 33 36 
30 6 7 12 13 18 21 24 25 28 30 36 40 
79 7 13 14 18 21 30 31 34 36 
73 5 11 12 21 25 26 27 30 34 38 
40
20 3 8 12 25 27 30 31 34 36 
96 4 7 8 18 26 30 31 33 37 
90 1 6 12 13 17 22 23 26 30 32 34 35 37 
28 2 5 7 9 11 13 20 28 30 33 35 38 
72 4 6 7 17 18 20 21 23 30 35 40 
17 3 5 8 11 12 14 17 21 22 28 30 31 32 36 38 
80 2 4 5 10 14 18 22 24 26 27 30 33 38 39 
13 1 2 6 10 11 17 18 19 24 27 28 29 30 32 33 36 39 
76 4 12 20 28 30 32 33 34 35 37 
46 7 8 11 13 14 16 28 30 34 35 37 
59 4 6 8 10 21 26 27 30 31 36 40 
55 1 3 6 9 18 22 26 28 30 32 35 38 40 
70 3 4 10 14 30 31 38 39 
28 6 7 10 13 16 18 22 23 28 30 31 36 39 
58 16 18 22 24 27 30 31 36 
46 10 14 15 17 20 23 28 30 31 32 35 36 
62 3 5 6 8 16 22 23 25 29 30 
90 2 5 7 8 12 14 15 21 27 30 34 35 38 39 
98 8 21 23 24 26 27 28 30 34 
18 4 5 9 16 21 22 23 25 27 30 33 34 37 
59 5 6 11 18 19 20 23 27 28 30 31 37 38 39 40 
54 3 6 7 12 14 15 17 20 26 30 34 36 
61 3 5 14 16 17 19 20 21 26 29 30 32 
64 7 8 15 19 30 32 37 38 39 
68 1 17 20 27 29 30 34 36 37 38 40 
14 2 3 7 11 12 19 22 23 29 30 31 33 36 40 
44 1 7 8 11 15 18 19 20 21 25 28 30 32 33 35 40 
67 4 6 8 9 10 12 14 16 19 21 27 30 34 38 
88 8 17 23 25 26 30 31 
91 1 2 3 4 5 6 7 8 9 10 11 12 13 14 15 16 17 18 19 20 21 22 23 24 25 26 27 28 29 31 32 33 34 35 36 37 38 39 40 
26 1 2 6 11 13 14 15 16 21 26 29 30 39 40 
14 3 6 8 9 12 16 23 24 27 30 37 
60 2 4 7 8 9 20 26 27 30 37 40 
29 1 3 9 10 18 19 20 22 25 28 30 37 39 40 
74 3 4 5 9 10 12 16 18 27 30 36 38 40 
57 1 6 8 11 14 15 16 22 25 26 30 35 37 38 39 
39 2 3 9 10 20 21 24 25 30 32 33 34 36 
30 4 6 7 12 13 18 21 24 25 28 30 35 36 40 
79 7 8 13 14 18 21 24 30 31 34 36 
73 5 11 12 21 25 26 27 30 31 33 34 35 38 
40
20 3 8 12 21 25 27 30 31 34 36 
96 4 6 7 8 10 18 26 30 31 33 36 37 
90 1 4 6 12 13 15 17 21 22 23 26 27 28 30 32 34 35 37 39 
28 2 3 5 7 9 11 13 20 27 28 30 33 35 38 40 
72 4 6 7 17 18 20 21 23 24 30 31 35 40 
17 2 3 5 7 8 9 11 12 14 17 19 21 22 28 30 31 32 36 38 40 
80 2 4 5 6 10 14 18 22 24 26 27 30 33 38 39 
13 1 2 6 10 11 17 18 19 24 27 28 29 30 32 33 36 39 
76 4 6 12 20 24 28 30 32 33 34 35 37 
46 2 7 8 11 13 14 16 21 27 28 30 32 34 35 37 
59 4 6 8 10 21 26 27 30 31 36 40 
55 1 3 6 9 18 22 26 27 28 30 32 35 38 40 
70 3 4 10 14 17 18 30 31 33 38 39 
28 6 7 10 13 16 18 20 22 23 28 30 31 36 38 39 
58 3 16 18 21 22 24 27 30 31 36 
46 10 14 15 17 20 21 23 27 28 30 31 32 35 36 
62 3 5 6 8 13 16 22 23 25 29 30 
90 2 5 7 8 12 13 14 15 21 24 27 30 31 34 35 38 39 
98 6 8 21 23 24 25 26 27 28 30 34 35 38 39 
18 4 5 9 14 16 21 22 23 25 27 30 33 34 35 37 
59 1 3 5 6 10 11 15 16 18 19 20 23 27 28 29 30 31 37 38 39 40 
54 3 6 7 12 14 15 17 20 26 30 33 34 36 39 
61 3 5 14 16 17 19 20 21 26 29 30 32 36 38 
64 5 7 8 9 15 18 19 28 29 30 32 37 38 39 
68 1 17 19 20 27 29 30 34 36 37 38 40 
14 2 3 7 11 12 19 22 23 27 29 30 31 33 36 40 
44 1 3 4 7 8 10 11 12 15 16 18 19 20 21 25 26 28 30 32 33 35 40 
67 3 4 6 8 9 10 12 14 16 19 21 24 27 30 34 38 
88 8 17 21 23 24 25 26 30 31 36 
91 1 2 3 4 5 6 7 8 9 10 11 12 13 14 15 16 17 18 19 20 21 22 23 24 25 26 27 28 29 31 32 33 34 35 36 37 38 39 40 
26 1 2 5 6 11 13 14 15 16 18 21 26 29 30 34 35 39 40 
14 3 6 8 9 10 12 16 23 24 27 30 36 37 
60 2 4 7 8 9 13 20 22 26 27 30 37 40 
29 1 3 9 10 18 19 20 22 25 28 30 31 37 39 40 
74 3 4 5 9 10 12 16 18 19 20 27 30 31 36 38 40 
57 1 2 6 8 11 14 15 16 22 23 25 26 29 30 32 35 37 38 39 
39 2 3 9 10 20 21 24 25 30 32 33 34 36 
30 4 6 7 12 13 14 18 19 21 23 24 25 28 30 35 36 39 40 
79 3 7 8 13 14 18 19 21 22 24 30 31 34 36 38 
73 4 5 6 11 12 21 25 26 27 30 31 33 34 35 38 
40
20 3 8 12 21 25 27 28 30 31 34 36 37 
96 4 6 7 8 10 18 26 30 31 33 36 37 
90 1 4 6 12 13 14 15 17 18 21 22 23 26 27 28 30 32 34 35 37 39 40 
28 2 3 5 7 9 11 13 20 27 28 30 33 35 36 38 39 40 
72 4 6 7 17 18 20 21 23 24 30 31 35 40 
17 2 3 5 7 8 9 11 12 14 17 19 21 22 28 30 31 32 36 38 40 
80 2 4 5 6 10 14 18 21 22 24 26 27 28 29 30 33 38 39 
13 1 2 6 9 10 11 17 18 19 20 24 27 28 29 30 32 33 35 36 39 
76 4 6 8 12 20 24 28 30 32 33 34 35 37 38 
46 2 7 8 11 13 14 16 21 27 28 30 32 34 35 37 39 
59 4 6 8 10 21 26 27 30 31 32 36 38 40 
55 1 3 6 9 17 18 20 22 26 27 28 29 30 32 35 38 40 
70 3 4 10 14 17 18 21 26 30 31 33 38 39 
28 3 6 7 10 13 16 18 20 21 22 23 25 26 28 30 31 36 38 39 
58 3 16 18 21 22 24 27 30 31 33 36 39 
46 10 14 15 17 20 21 23 27 28 30 31 32 35 36 38 
62 3 5 6 8 12 13 16 22 23 25 29 30 40 
90 2 3 5 7 8 12 13 14 15 21 22 24 27 28 30 31 34 35 38 39 
98 6 8 21 23 24 25 26 27 28 30 33 34 35 38 39 
18 4 5 8 9 12 14 16 21 22 23 25 27 30 33 34 35 37 
59 1 3 5 6 7 10 11 13 14 15 16 18 19 20 23 26 27 28 29 30 31 35 37 38 39 40 
54 3 6 7 12 14 15 17 18 20 25 26 30 33 34 36 39 
61 3 5 14 16 17 19 20 21 26 29 30 32 36 38 
64 5 7 8 9 15 18 19 28 29 30 32 33 37 38 39 
68 1 14 17 19 20 22 27 29 30 34 36 37 38 40 
14 2 3 7 11 12 13 14 19 21 22 23 27 29 30 31 32 33 36 40 
44 1 3 4 7 8 10 11 12 15 16 18 19 20 21 25 26 28 30 32 33 35 36 40 
67 1 3 4 6 7 8 9 10 12 14 16 18 19 21 24 27 30 32 34 38 40 
88 7 8 12 17 21 23 24 25 26 30 31 36 
91 1 2 3 4 5 6 7 8 9 10 11 12 13 14 15 16 17 18 19 20 21 22 23 24 25 26 27 28 29 31 32 33 34 35 36 37 38 39 40 
26 1 2 5 6 11 13 14 15 16 18 21 26 29 30 34 35 39 40 
14 3 6 8 9 10 11 12 16 23 24 26 27 28 30 36 37 
60 2 4 7 8 9 13 15 19 20 22 24 26 27 30 34 37 39 40 
29 1 3 9 10 18 19 20 22 25 28 30 31 33 37 38 39 40 
74 3 4 5 8 9 10 12 16 18 19 20 21 27 30 31 36 38 40 
57 1 2 4 6 8 11 14 15 16 22 23 25 26 27 29 30 32 35 37 38 39 
39 1 2 3 9 10 20 21 24 25 30 32 33 34 36 
30 4 6 7 9 11 12 13 14 16 18 19 21 23 24 25 28 30 34 35 36 39 40 
79 3 4 7 8 10 13 14 15 18 19 21 22 24 30 31 33 34 36 38 
73 3 4 5 6 11 12 17 21 25 26 27 28 30 31 33 34 35 38 
40
20 3 8 12 21 22 25 27 28 30 31 34 36 37 
96 3 4 6 7 8 10 18 19 26 30 31 33 36 37 
90 1 2 4 6 12 13 14 15 16 17 18 21 22 23 26 27 28 30 32 34 35 37 39 40 
28 2 3 5 7 9 11 13 20 27 28 30 32 33 35 36 38 39 40 
72 4 6 7 10 12 14 17 18 20 21 23 24 30 31 35 40 
17 2 3 5 7 8 9 11 12 13 14 17 19 21 22 28 30 31 32 34 36 38 40 
80 2 4 5 6 10 14 17 18 19 21 22 24 26 27 28 29 30 33 38 39 
13 1 2 6 9 10 11 17 18 19 20 24 27 28 29 30 32 33 35 36 39 40 
76 4 6 8 12 16 20 24 25 28 30 32 33 34 35 37 38 
46 2 5 7 8 11 13 14 16 21 27 28 30 32 34 35 37 39 
59 4 6 8 10 14 19 21 26 27 30 31 32 36 38 39 40 
55 1 3 5 6 9 17 18 20 22 26 27 28 29 30 32 35 36 38 40 
70 3 4 6 10 14 17 18 19 21 26 27 28 30 31 33 34 38 39 
28 3 5 6 7 10 11 13 16 18 20 21 22 23 25 26 28 30 31 36 38 39 
58 3 16 18 21 22 24 25 27 30 31 33 36 39 
46 3 9 10 14 15 17 20 21 23 27 28 30 31 32 35 36 38 
62 3 5 6 7 8 12 13 16 22 23 25 29 30 40 
90 2 3 5 7 8 12 13 14 15 19 21 22 24 27 28 30 31 34 35 38 39 
98 2 6 7 8 11 13 18 21 23 24 25 26 27 28 30 33 34 35 38 39 
18 4 5 8 9 12 14 16 21 22 23 24 25 27 30 33 34 35 37 
59 1 3 5 6 7 10 11 13 14 15 16 18 19 20 23 26 27 28 29 30 31 35 37 38 39 40 
54 1 3 6 7 12 14 15 17 18 20 25 26 30 33 34 36 39 
61 3 5 14 16 17 19 20 21 26 29 30 32 36 38 
64 5 7 8 9 15 18 19 20 28 29 30 32 33 37 38 39 
68 1 9 14 15 17 19 20 22 27 29 30 33 34 35 36 37 38 39 40 
14 2 3 7 11 12 13 14 19 21 22 23 27 29 30 31 32 33 36 40 
44 1 3 4 7 8 10 11 12 13 15 16 18 19 20 21 25 26 28 29 30 32 33 35 36 40 
67 1 3 4 6 7 8 9 10 12 13 14 16 18 19 21 24 27 30 32 33 34 38 40 
88 7 8 12 17 21 23 24 25 26 27 30 31 33 36 
91 1 2 3 4 5 6 7 8 9 10 11 12 13 14 15 16 17 18 19 20 21 22 23 24 25 26 27 28 29 31 32 33 34 35 36 37 38 39 40 
26 1 2 5 6 11 13 14 15 16 18 21 26 29 30 34 35 39 40 
14 3 4 6 8 9 10 11 12 16 23 24 26 27 28 30 35 36 37 38 
60 2 4 7 8 9 13 15 19 20 22 24 25 26 27 28 29 30 34 37 39 40 
29 1 3 6 9 10 13 18 19 20 22 25 28 30 31 33 37 38 39 40 
74 3 4 5 8 9 10 12 16 18 19 20 21 25 27 30 31 32 36 38 40 
57 1 2 4 6 8 11 12 14 15 16 22 23 25 26 27 29 30 32 35 37 38 39 
39 1 2 3 9 10 20 21 24 25 30 32 33 34 36 40 
30 4 6 7 9 11 12 13 14 16 18 19 21 23 24 25 28 30 32 34 35 36 39 40 
79 3 4 7 8 10 11 13 14 15 18 19 21 22 24 25 30 31 33 34 36 38 40 
73 3 4 5 6 8 11 12 17 21 25 26 27 28 30 31 33 34 35 37 38 39 
40
20 3 6 8 12 21 22 25 27 28 30 31 34 36 37 
96 3 4 6 7 8 10 18 19 26 28 30 31 33 36 37 38 
90 1 2 4 6 12 13 14 15 16 17 18 21 22 23 26 27 28 30 32 34 35 37 38 39 40 
28 2 3 5 7 9 11 13 20 26 27 28 30 32 33 35 36 38 39 40 
72 4 6 7 10 12 14 17 18 20 21 23 24 30 31 32 35 36 40 
17 1 2 3 5 7 8 9 11 12 13 14 17 19 20 21 22 24 28 30 31 32 34 36 38 40 
80 2 4 5 6 10 14 17 18 19 21 22 24 26 27 28 29 30 32 33 35 36 38 39 
13 1 2 6 9 10 11 17 18 19 20 24 26 27 28 29 30 32 33 35 36 39 40 
76 4 6 8 12 16 20 24 25 28 30 32 33 34 35 37 38 
46 2 5 7 8 11 13 14 16 18 21 27 28 30 32 34 35 37 39 
59 4 6 8 10 14 19 21 26 27 30 31 32 36 38 39 40 
55 1 3 5 6 9 17 18 20 21 22 26 27 28 29 30 31 32 35 36 38 40 
70 3 4 6 10 14 17 18 19 20 21 22 26 27 28 30 31 33 34 35 38 39 
28 3 5 6 7 10 11 13 16 18 20 21 22 23 25 26 27 28 30 31 36 38 39 
58 3 16 18 21 22 24 25 27 30 31 33 36 39 
46 3 9 10 14 15 17 20 21 23 26 27 28 29 30 31 32 35 36 38 40 
62 3 5 6 7 8 12 13 16 22 23 25 29 30 35 37 40 
90 2 3 5 7 8 10 12 13 14 15 19 21 22 24 25 27 28 30 31 34 35 38 39 
98 2 6 7 8 11 13 18 21 23 24 25 26 27 28 30 33 34 35 38 39 
18 4 5 6 8 9 12 13 14 16 21 22 23 24 25 27 29 30 33 34 35 37 
59 1 3 5 6 7 10 11 12 13 14 15 16 18 19 20 23 25 26 27 28 29 30 31 35 37 38 39 40 
54 1 3 6 7 12 13 14 15 17 18 20 25 26 30 33 34 36 39 
61 3 5 14 16 17 19 20 21 26 29 30 32 36 38 
64 5 6 7 8 9 15 18 19 20 28 29 30 32 33 37 38 39 
68 1 9 14 15 17 18 19 20 21 22 27 28 29 30 33 34 35 36 37 38 39 40 
14 2 3 4 7 8 11 12 13 14 16 19 21 22 23 27 29 30 31 32 33 36 40 
44 1 3 4 7 8 10 11 12 13 14 15 16 18 19 20 21 25 26 28 29 30 32 33 35 36 37 40 
67 1 2 3 4 6 7 8 9 10 12 13 14 16 18 19 21 24 25 27 30 32 33 34 35 38 39 40 
88 7 8 12 16 17 20 21 23 24 25 26 27 30 31 33 36 37 
91 1 2 3 4 5 6 7 8 9 10 11 12 13 14 15 16 17 18 19 20 21 22 23 24 25 26 27 28 29 31 32 33 34 35 36 37 38 39 40 
26 1 2 5 6 11 12 13 14 15 16 18 21 26 29 30 34 35 39 40 
14 3 4 5 6 7 8 9 10 11 12 16 23 24 26 27 28 30 33 35 36 37 38 
60 2 4 7 8 9 13 15 19 20 22 24 25 26 27 28 29 30 32 34 37 39 40 
29 1 3 6 9 10 13 18 19 20 22 25 28 30 31 33 35 37 38 39 40 
74 3 4 5 7 8 9 10 12 13 16 17 18 19 20 21 25 27 28 30 31 32 34 36 38 40 
57 1 2 4 5 6 7 8 11 12 14 15 16 22 23 25 26 27 29 30 32 35 37 38 39 
39 1 2 3 9 10 17 20 21 24 25 27 29 30 32 33 34 36 38 40 
30 2 3 4 6 7 9 11 12 13 14 16 18 19 21 23 24 25 28 30 32 34 35 36 37 39 40 
79 3 4 7 8 10 11 13 14 15 18 19 21 22 24 25 28 30 31 33 34 36 38 40 
73 3 4 5 6 8 11 12 16 17 21 25 26 27 28 30 31 33 34 35 37 38 39 
40
20 3 6 8 10 12 13 17 20 21 22 23 25 27 28 30 31 32 34 36 37 40 
96 3 4 6 7 8 10 11 17 18 19 26 28 30 31 33 36 37 38 
90 1 2 4 6 8 12 13 14 15 16 17 18 21 22 23 26 27 28 30 31 32 34 35 37 38 39 40 
28 2 3 5 7 9 11 13 14 20 26 27 28 30 32 33 35 36 38 39 40 
72 4 6 7 10 12 14 15 17 18 20 21 23 24 30 31 32 35 36 40 
17 1 2 3 5 7 8 9 11 12 13 14 17 19 20 21 22 24 28 30 31 32 34 36 38 40 
80 2 4 5 6 10 14 16 17 18 19 21 22 24 26 27 28 29 30 32 33 35 36 38 39 40 
13 1 2 3 6 9 10 11 17 18 19 20 24 26 27 28 29 30 32 33 35 36 37 38 39 40 
76 4 6 8 10 11 12 15 16 20 24 25 26 28 29 30 31 32 33 34 35 37 38 
46 1 2 5 7 8 9 11 13 14 16 17 18 21 27 28 30 31 32 34 35 37 39 
59 2 4 6 8 9 10 14 19 21 26 27 30 31 32 33 36 38 39 40 
55 1 3 5 6 9 14 17 18 20 21 22 26 27 28 29 30 31 32 35 36 38 40 
70 1 3 4 6 10 14 17 18 19 20 21 22 26 27 28 30 31 33 34 35 38 39 
28 3 4 5 6 7 10 11 12 13 16 18 20 21 22 23 25 26 27 28 29 30 31 36 38 39 
58 3 5 9 16 18 21 22 24 25 26 27 28 30 31 33 36 39 
46 3 7 9 10 14 15 17 20 21 23 26 27 28 29 30 31 32 35 36 38 40 
62 1 2 3 5 6 7 8 10 12 13 16 22 23 25 29 30 35 37 40 
90 2 3 5 7 8 10 12 13 14 15 19 21 22 24 25 27 28 30 31 34 35 38 39 
98 2 6 7 8 11 13 18 21 23 24 25 26 27 28 30 33 34 35 38 39 
18 1 4 5 6 8 9 12 13 14 16 21 22 23 24 25 27 29 30 33 34 35 37 
59 1 3 5 6 7 10 11 12 13 14 15 16 18 19 20 23 25 26 27 28 29 30 31 33 35 37 38 39 40 
54 1 3 6 7 12 13 14 15 17 18 20 24 25 26 27 30 32 33 34 36 39 
61 1 3 5 14 16 17 19 20 21 26 29 30 32 35 36 38 
64 5 6 7 8 9 15 18 19 20 22 28 29 30 32 33 37 38 39 
68 1 9 14 15 17 18 19 20 21 22 27 28 29 30 33 34 35 36 37 38 39 40 
14 2 3 4 7 8 9 11 12 13 14 15 16 19 21 22 23 27 28 29 30 31 32 33 36 40 
44 1 3 4 7 8 10 11 12 13 14 15 16 18 19 20 21 22 25 26 28 29 30 32 33 35 36 37 40 
67 1 2 3 4 6 7 8 9 10 12 13 14 15 16 18 19 21 24 25 26 27 30 32 33 34 35 38 39 40 
88 7 8 9 12 14 16 17 20 21 23 24 25 26 27 30 31 33 36 37 
91 1 2 3 4 5 6 7 8 9 10 11 12 13 14 15 16 17 18 19 20 21 22 23 24 25 26 27 28 29 31 32 33 34 35 36 37 38 39 40 
26 1 2 3 5 6 9 10 11 12 13 14 15 16 18 21 26 29 30 34 35 39 40 
14 1 3 4 5 6 7 8 9 10 11 12 16 22 23 24 26 27 28 30 33 35 36 37 38 
60 2 4 7 8 9 11 13 15 19 20 21 22 24 25 26 27 28 29 30 32 34 37 39 40 
29 1 3 6 9 10 13 18 19 20 22 25 28 30 31 33 35 37 38 39 40 
74 3 4 5 7 8 9 10 12 13 16 17 18 19 20 21 23 25 27 28 30 31 32 34 36 38 40 
57 1 2 4 5 6 7 8 11 12 14 15 16 22 23 25 26 27 29 30 32 35 37 38 39 40 
39 1 2 3 8 9 10 17 20 21 24 25 27 29 30 32 33 34 36 38 40 
30 2 3 4 6 7 8 9 11 12 13 14 16 18 19 21 23 24 25 28 30 32 34 35 36 37 39 40 
79 3 4 7 8 10 11 13 14 15 18 19 21 22 24 25 28 30 31 33 34 36 38 40 
73 1 3 4 5 6 7 8 11 12 16 17 21 25 26 27 28 30 31 33 34 35 36 37 38 39 
40
20 3 6 8 10 11 12 13 16 17 20 21 22 23 25 27 28 30 31 32 34 35 36 37 38 40 
96 3 4 6 7 8 10 11 17 18 19 24 26 28 30 31 33 36 37 38 39 
90 1 2 4 6 8 12 13 14 15 16 17 18 19 21 22 23 25 26 27 28 30 31 32 34 35 37 38 39 40 
28 2 3 5 6 7 9 10 11 13 14 20 26 27 28 30 32 33 35 36 38 39 40 
72 4 6 7 10 12 14 15 17 18 20 21 23 24 30 31 32 35 36 40 
17 1 2 3 4 5 7 8 9 11 12 13 14 17 19 20 21 22 24 28 30 31 32 33 34 35 36 38 40 
80 2 4 5 6 10 13 14 16 17 18 19 21 22 24 26 27 28 29 30 32 33 35 36 37 38 39 40 
13 1 2 3 6 9 10 11 17 18 19 20 24 26 27 28 29 30 32 33 35 36 37 38 39 40 
76 4 6 8 10 11 12 14 15 16 20 22 24 25 26 27 28 29 30 31 32 33 34 35 37 38 
46 1 2 4 5 7 8 9 11 13 14 16 17 18 21 24 27 28 30 31 32 34 35 37 39 
59 1 2 4 6 8 9 10 14 19 21 23 24 26 27 30 31 32 33 35 36 38 39 40 
55 1 3 5 6 9 14 17 18 20 21 22 26 27 28 29 30 31 32 35 36 38 40 
70 1 3 4 6 7 10 14 17 18 19 20 21 22 26 27 28 29 30 31 33 34 35 38 39 
28 3 4 5 6 7 9 10 11 12 13 16 18 20 21 22 23 25 26 27 28 29 30 31 36 38 39 
58 3 5 9 16 18 21 22 24 25 26 27 28 30 31 33 36 39 
46 1 3 7 9 10 14 15 17 19 20 21 23 26 27 28 29 30 31 32 35 36 38 40 
62 1 2 3 5 6 7 8 10 12 13 16 22 23 25 29 30 35 37 40 
90 2 3 5 7 8 10 12 13 14 15 19 21 22 24 25 27 28 30 31 34 35 38 39 
98 2 3 6 7 8 11 13 16 18 20 21 23 24 25 26 27 28 30 33 34 35 38 39 
18 1 4 5 6 8 9 12 13 14 16 19 21 22 23 24 25 26 27 29 30 33 34 35 37 
59 1 3 5 6 7 10 11 12 13 14 15 16 18 19 20 23 25 26 27 28 29 30 31 33 35 37 38 39 40 
54 1 3 6 7 9 12 13 14 15 17 18 20 24 25 26 27 30 32 33 34 36 39 
61 1 3 5 11 14 16 17 19 20 21 26 29 30 31 32 35 36 37 38 
64 2 5 6 7 8 9 10 11 15 18 19 20 22 28 29 30 31 32 33 37 38 39 40 
68 1 3 9 14 15 17 18 19 20 21 22 27 28 29 30 33 34 35 36 37 38 39 40 
14 2 3 4 7 8 9 11 12 13 14 15 16 19 20 21 22 23 27 28 29 30 31 32 33 36 40 
44 1 3 4 7 8 9 10 11 12 13 14 15 16 18 19 20 21 22 25 26 28 29 30 32 33 35 36 37 40 
67 1 2 3 4 6 7 8 9 10 12 13 14 15 16 18 19 21 24 25 26 27 30 31 32 33 34 35 38 39 40 
88 7 8 9 12 13 14 16 17 20 21 23 24 25 26 27 30 31 33 36 37 
91 1 2 3 4 5 6 7 8 9 10 11 12 13 14 15 16 17 18 19 20 21 22 23 24 25 26 27 28 29 31 32 33 34 35 36 37 38 39 40 
26 1 2 3 5 6 9 10 11 12 13 14 15 16 18 21 23 24 26 28 29 30 34 35 38 39 40 
14 1 3 4 5 6 7 8 9 10 11 12 16 22 23 24 26 27 28 30 33 35 36 37 38 
60 2 4 6 7 8 9 11 13 15 19 20 21 22 24 25 26 27 28 29 30 32 34 37 39 40 
29 1 3 6 9 10 13 18 19 20 22 25 28 30 31 33 35 37 38 39 40 
74 1 3 4 5 6 7 8 9 10 11 12 13 16 17 18 19 20 21 23 25 27 28 30 31 32 34 36 38 39 40 
57 1 2 4 5 6 7 8 11 12 14 15 16 22 23 25 26 27 29 30 32 35 37 38 39 40 
39 1 2 3 7 8 9 10 17 20 21 23 24 25 27 29 30 32 33 34 36 38 40 
30 1 2 3 4 6 7 8 9 11 12 13 14 16 18 19 21 23 24 25 28 30 31 32 34 35 36 37 39 40 
79 2 3 4 7 8 10 11 13 14 15 18 19 21 22 24 25 28 30 31 33 34 35 36 38 40 
73 1 3 4 5 6 7 8 11 12 16 17 21 24 25 26 27 28 30 31 33 34 35 36 37 38 39 
0