20
41 3 5 7 12 14 16 
14 4 9 11 12 16 18 19 
66 1 5 7 10 12 13 15 16 
34 2 7 8 10 12 14 18 
26 1 3 7 10 12 16 17 
51 7 12 15 16 20 
92 1 3 4 5 6 12 14 15 18 19 
32 4 11 12 13 
97 2 10 12 14 20 
55 3 4 5 9 12 13 16 19 
39 2 8 12 14 16 18 19 
10 1 2 3 4 5 6 7 8 9 10 11 13 14 15 16 17 18 19 20 
40 3 8 10 12 15 17 20 
69 1 4 7 9 11 12 17 
37 3 6 7 12 13 17 
33 1 2 3 5 6 10 11 12 17 18 19 
89 5 12 13 14 15 16 19 
59 2 4 7 11 12 16 20 
93 2 7 10 11 12 16 17 
45 6 9 12 13 18 
25
22 6 10 13 14 16 19 21 22 23 24 
62 3 5 10 11 12 13 14 15 20 
78 2 4 12 13 21 22 
85 3 6 7 10 11 13 16 18 20 21 
53 2 7 9 12 13 17 20 21 23 
28 1 4 7 13 14 20 23 24 25 
63 4 5 6 9 13 16 17 18 22 
14 9 13 15 18 19 22 23 25 
92 5 7 8 13 14 20 22 
44 1 2 4 13 20 23 24 
41 2 4 13 15 20 22 23 
76 2 3 5 13 16 22 25 
45 1 2 3 4 5 6 7 8 9 10 11 12 14 15 16 17 18 19 20 21 22 23 24 25 
47 1 2 6 9 13 16 17 19 20 23 24 25 
71 2 8 11 13 17 18 21 22 
63 1 4 7 12 13 14 20 21 22 25 
10 5 7 13 14 15 20 22 23 
93 4 7 8 13 15 19 21 24 
32 1 8 13 14 18 20 22 23 24 25 
47 2 4 5 6 9 10 11 13 14 16 17 19 23 
80 1 3 4 5 13 15 16 18 22 23 
32 1 3 7 8 9 11 12 13 15 16 17 19 21 
44 1 5 6 8 10 11 13 14 17 19 20 21 25 
95 1 6 10 13 14 18 19 
91 6 8 12 13 14 16 19 23 
30
63 2 8 10 19 20 21 23 28 
70 1 3 4 5 6 7 8 9 10 11 12 13 14 15 16 17 18 19 20 21 22 23 24 25 26 27 28 29 30 
63 2 4 8 11 14 19 21 23 25 27 
68 2 3 5 7 8 10 22 23 27 
61 2 4 12 14 15 16 20 21 24 28 29 30 
49 2 7 8 9 10 14 16 20 21 22 24 27 28 30 
78 2 4 6 8 10 11 12 13 15 20 24 30 
56 1 2 3 4 6 7 12 25 27 28 29 
57 2 6 12 15 17 19 20 21 25 30 
29 1 2 4 6 7 12 15 18 19 20 22 23 24 25 26 30 
32 2 3 7 12 16 18 20 21 22 27 28 
70 2 5 7 8 9 10 11 16 17 20 21 22 27 28 
56 2 7 14 15 16 17 19 27 
88 2 3 5 6 13 21 23 24 26 27 
93 2 5 7 9 10 13 16 17 18 22 26 
96 2 5 6 11 12 13 15 17 23 25 26 
37 2 9 12 13 15 16 18 21 23 25 
55 2 10 11 15 17 26 28 
27 1 2 3 9 10 13 21 22 29 30 
92 1 2 5 6 7 9 10 11 12 26 28 29 
58 1 2 3 5 6 9 11 12 14 17 19 28 
18 2 4 6 10 11 12 15 19 23 25 30 
89 1 2 3 4 10 14 16 17 22 25 27 30 
64 2 5 6 7 10 14 26 27 
12 2 3 8 9 10 16 17 22 23 29 30 
34 2 10 14 15 16 18 20 24 27 29 
50 2 3 4 6 8 11 12 13 14 23 24 26 
77 1 2 5 6 8 11 12 18 20 21 
26 2 5 8 19 20 25 26 30 
38 2 5 6 7 9 10 19 22 23 25 29 
35
42 4 8 9 11 16 21 26 28 31 32 
75 3 5 6 9 12 14 19 26 28 30 33 35 
71 2 4 5 6 8 9 11 12 13 15 20 21 25 26 31 35 
74 1 3 5 6 8 9 11 18 22 27 30 31 32 33 35 
92 2 3 4 9 16 18 20 21 24 26 29 32 33 35 
98 2 3 4 8 9 10 11 14 15 16 18 19 20 23 25 27 28 30 
37 9 11 13 18 26 27 30 34 
62 1 3 4 6 9 12 14 15 18 19 20 23 25 26 27 28 30 
23 1 2 3 4 5 6 7 8 10 11 12 13 14 15 16 17 18 19 20 21 22 23 24 25 26 27 28 29 30 31 32 33 34 35 
87 6 9 11 12 14 21 28 30 31 
99 1 3 4 6 7 9 10 13 15 19 21 22 23 26 27 28 
79 2 3 8 9 10 16 19 23 27 29 31 33 34 35 
90 3 7 9 11 14 21 25 27 28 29 33 
72 2 6 8 9 10 13 18 22 23 25 29 30 32 33 34 35 
10 3 6 8 9 11 22 24 25 27 28 32 
23 1 5 6 9 12 18 20 24 28 30 35 
27 9 21 24 25 30 
85 4 5 6 7 8 9 14 16 19 21 24 31 
91 2 6 8 9 11 12 18 21 22 23 24 26 30 31 32 34 
57 3 5 6 8 9 16 22 25 29 30 31 32 34 
25 1 3 5 9 10 11 13 17 18 19 23 28 29 30 33 
68 4 9 11 14 15 19 20 24 26 27 28 29 32 
94 6 8 9 11 12 14 19 21 25 26 31 34 
88 5 9 15 16 17 18 19 22 26 27 28 
54 3 6 8 9 13 14 15 17 20 23 28 35 
48 1 2 3 5 7 8 9 11 19 22 23 24 29 31 32 35 
60 4 6 7 8 9 11 12 13 15 22 24 29 30 32 33 35 
18 1 2 6 8 9 10 11 13 15 16 21 22 24 25 31 32 34 35 
82 5 9 12 13 14 20 21 22 26 27 30 31 34 
90 2 4 6 7 8 9 10 14 16 17 19 20 21 27 29 35 
98 1 3 4 9 10 12 18 19 20 23 26 28 29 35 
63 1 4 5 9 14 15 19 20 22 26 27 28 34 35 
33 2 4 5 9 12 13 14 21 27 34 
98 7 9 12 14 19 20 23 28 29 32 33 35 
57 2 3 4 5 9 12 14 16 25 26 27 28 30 31 32 34 
40
81 2 8 11 12 13 16 17 24 25 27 32 34 39 40 
87 1 5 12 15 16 24 28 30 32 33 34 35 38 39 
23 5 8 12 15 16 19 20 24 25 26 29 32 36 38 
32 5 7 8 14 16 18 19 22 30 32 35 38 39 40 
16 2 3 4 7 13 15 18 20 21 22 24 32 35 36 
96 8 9 23 25 26 28 31 32 33 37 38 40 
33 4 5 10 14 17 18 22 23 30 32 34 35 36 
38 1 3 4 6 9 16 19 21 23 25 26 27 28 31 32 40 
37 6 8 10 11 12 14 18 22 25 30 32 33 
60 7 9 11 16 20 26 27 30 32 37 39 40 
29 1 9 10 13 14 23 24 25 26 29 32 35 39 
46 1 2 3 9 17 23 26 27 30 32 36 39 
35 1 5 11 15 17 19 21 30 32 37 39 40 
60 4 7 9 11 19 21 30 32 33 34 36 
44 2 3 5 13 18 21 23 32 36 
66 1 2 3 4 8 10 21 23 27 28 31 32 34 35 36 37 39 
48 1 7 12 13 20 23 24 25 28 31 32 33 37 39 40 
50 4 5 7 9 15 21 22 24 28 29 30 31 32 33 34 37 
56 3 4 8 13 14 23 24 25 26 27 29 30 31 32 33 34 35 37 38 39 40 
67 3 5 10 17 23 25 28 29 30 32 39 
31 5 8 13 14 15 16 18 22 23 24 25 26 27 29 30 31 32 38 40 
25 4 5 7 9 18 21 26 27 28 30 31 32 38 
12 6 7 8 11 12 15 16 17 19 20 21 24 26 27 30 32 33 39 40 
35 1 2 3 5 11 17 18 19 21 23 27 30 31 32 34 35 37 
32 1 3 6 8 9 11 17 19 20 21 28 32 33 36 37 39 40 
23 3 6 8 10 11 12 19 21 22 23 30 32 33 36 40 
77 1 8 10 12 16 19 21 22 23 24 28 30 32 36 37 39 40 
76 2 6 8 16 17 18 20 22 25 27 29 30 32 36 38 40 
80 3 11 18 19 20 21 28 32 33 37 
48 2 4 7 9 10 12 13 14 18 19 20 21 22 23 24 26 27 28 32 36 39 40 
60 6 8 16 17 18 19 21 22 24 32 38 39 40 
43 1 2 3 4 5 6 7 8 9 10 11 12 13 14 15 16 17 18 19 20 21 22 23 24 25 26 27 28 29 30 31 33 34 35 36 37 38 39 40 
61 2 6 9 14 17 18 19 23 25 26 29 32 34 35 37 39 
82 1 2 7 14 16 18 19 24 32 33 35 38 
79 2 4 5 7 11 16 19 24 32 33 34 39 
77 3 5 7 12 14 15 16 25 26 27 28 30 32 39 
47 6 10 13 16 17 18 19 24 25 27 29 32 33 38 39 
97 2 3 4 6 19 21 22 28 31 32 34 37 
76 1 2 4 10 11 12 13 16 17 19 20 23 25 27 30 31 32 33 35 36 37 
64 1 4 6 8 10 13 17 19 21 23 25 26 27 28 30 31 32 
45
92 9 10 13 15 16 19 20 21 23 24 25 27 32 35 36 37 39 40 41 
75 6 8 9 10 13 16 17 19 20 21 22 23 26 28 29 30 38 39 43 44 45 
56 8 10 11 13 15 18 21 25 27 28 35 37 40 41 42 44 
10 5 6 8 11 13 14 18 25 26 27 33 34 35 
65 4 13 14 15 18 21 23 25 26 27 28 32 33 35 38 39 40 43 44 
38 2 4 8 10 13 16 18 19 20 22 24 26 28 29 31 32 35 36 39 40 43 
78 8 13 15 17 22 27 36 37 38 45 
28 2 3 4 6 7 11 13 15 16 18 20 22 25 26 27 32 36 38 43 45 
88 1 2 13 16 19 22 25 27 28 35 36 40 45 
42 1 2 3 6 11 13 14 25 31 36 37 45 
86 3 4 8 10 13 16 24 25 28 33 34 41 45 
46 13 16 24 25 28 30 31 41 42 43 44 45 
32 1 2 3 4 5 6 7 8 9 10 11 12 14 15 16 17 18 19 20 21 22 23 24 25 26 27 28 29 30 31 32 33 34 35 36 37 38 39 40 41 42 43 44 45 
83 4 5 10 13 17 18 20 21 29 32 36 39 44 
12 1 3 5 7 8 13 18 22 23 28 34 39 44 
31 1 2 6 8 9 11 12 13 17 18 19 21 23 24 25 27 30 31 35 38 39 42 45 
30 2 7 13 14 16 32 37 39 41 43 
70 3 4 5 6 8 13 14 15 16 21 23 25 27 29 30 31 32 33 36 38 42 45 
63 1 2 6 9 13 16 24 27 28 30 34 36 37 40 43 44 45 
37 1 2 6 8 13 14 26 28 29 30 34 36 40 42 43 
36 1 2 3 5 13 14 16 18 24 27 32 35 38 40 41 42 
98 2 6 7 8 9 13 15 23 25 26 29 30 33 43 
46 1 2 5 13 15 16 18 22 24 29 30 31 33 34 38 39 41 42 44 
85 1 6 11 12 13 16 19 21 23 25 29 30 33 34 37 38 41 
19 1 3 4 5 8 9 10 11 12 13 16 18 22 24 27 31 32 34 39 41 42 
98 2 4 5 6 8 13 20 22 28 29 33 34 35 38 39 41 42 45 
32 1 3 4 5 7 8 9 13 16 18 19 21 25 28 29 30 33 34 38 39 41 43 
85 2 3 5 6 9 11 12 13 15 19 20 26 27 29 30 40 41 42 45 
69 2 6 13 14 18 20 22 23 24 26 27 28 30 35 37 45 
76 2 12 13 16 18 19 20 22 23 24 27 28 29 31 38 39 40 
66 6 10 12 13 16 18 23 25 30 32 33 36 39 41 44 
10 1 5 6 8 13 14 17 18 21 25 31 35 36 38 40 41 43 45 
81 4 5 11 13 18 22 23 24 26 27 31 38 39 40 42 45 
34 4 11 13 15 19 20 23 24 25 26 27 41 42 45 
47 1 3 4 5 6 9 13 16 21 26 29 32 38 42 
22 1 6 7 8 9 10 13 14 18 19 20 31 32 41 42 44 
70 1 3 7 10 13 17 19 24 29 39 40 41 43 44 
41 2 5 7 8 13 16 18 21 23 24 26 27 30 32 33 35 39 40 41 44 
99 1 2 5 6 13 14 15 16 17 23 25 26 27 30 31 33 37 38 41 45 
43 1 3 5 6 9 13 19 20 21 28 30 32 33 37 38 41 44 45 
19 1 3 11 12 13 17 21 23 24 25 26 27 28 31 32 34 36 37 38 39 40 44 45 
36 3 12 13 16 18 20 21 23 25 26 28 33 34 35 36 43 44 45 
37 2 5 6 8 12 13 17 19 20 22 27 32 37 42 45 
23 2 3 5 12 13 14 15 19 23 31 36 37 38 40 41 42 45 
53 2 7 8 9 10 11 12 13 16 18 19 26 28 29 32 33 34 39 40 41 42 43 44 
50
37 5 6 9 11 14 16 17 19 20 21 22 23 25 26 33 34 35 36 37 38 39 42 49 
96 4 5 6 10 11 12 14 15 16 17 23 24 26 31 33 34 40 41 43 46 47 
42 6 8 14 15 17 18 23 24 25 28 29 31 32 33 37 41 43 45 47 49 
90 2 5 9 10 12 18 19 20 22 23 24 27 33 35 36 40 44 45 47 
89 1 2 4 6 9 11 14 15 16 17 19 23 24 29 30 32 33 34 35 36 40 41 42 44 45 47 48 49 
64 1 2 3 5 7 9 13 16 18 20 22 27 32 33 34 36 37 39 43 49 
44 6 12 14 17 19 21 23 24 26 31 33 34 44 50 
56 3 10 11 14 16 22 28 30 33 34 35 38 40 41 42 47 48 
36 1 4 5 6 13 16 18 24 32 33 34 37 38 39 44 46 47 49 50 
92 2 4 8 11 12 14 16 17 26 31 32 33 35 38 39 41 50 
74 1 2 5 8 10 15 16 19 30 33 34 35 36 39 43 48 50 
69 2 4 7 10 13 15 18 26 28 33 34 38 39 46 48 
56 6 9 12 15 23 24 25 26 27 28 33 37 40 41 43 48 49 50 
78 1 2 3 5 7 8 10 21 22 24 27 28 30 33 43 47 50 
22 2 3 5 11 12 13 19 20 23 31 33 37 39 40 41 42 44 45 47 48 
22 1 2 5 6 8 9 10 11 17 21 22 24 25 27 33 43 44 45 46 49 50 
85 1 2 3 5 7 10 16 20 21 22 27 29 30 31 32 33 35 38 40 42 43 44 45 50 
88 3 4 6 9 12 20 22 23 26 28 30 31 33 34 35 39 40 41 43 45 46 49 50 
80 1 4 5 7 11 15 23 24 29 33 38 41 42 44 46 
98 1 4 6 15 17 18 21 22 23 24 26 28 31 32 33 36 37 40 41 47 50 
15 1 7 14 16 17 20 23 24 27 28 29 30 31 33 40 42 43 44 45 46 
93 1 4 6 8 14 16 17 18 20 24 28 29 33 36 43 44 46 
90 1 2 3 4 5 7 13 15 18 19 20 21 31 33 34 39 40 43 44 49 50 
21 2 3 4 5 7 9 13 14 16 19 20 21 22 26 27 28 29 31 33 36 38 41 43 44 47 50 
10 1 3 13 16 26 29 33 38 41 
45 1 2 7 10 12 13 18 20 24 25 27 32 33 34 37 46 48 49 50 
38 4 6 13 14 16 17 21 24 26 30 33 37 39 40 44 48 
11 3 8 12 13 14 18 20 21 22 24 32 33 36 37 41 43 44 50 
39 3 5 17 19 21 22 24 25 31 32 33 35 36 37 40 43 44 46 47 49 
65 5 8 11 14 17 18 21 27 31 33 35 36 37 38 40 43 
25 2 3 7 10 15 17 18 20 21 23 24 29 30 33 34 38 41 42 46 47 48 49 
41 3 5 6 9 10 17 20 26 28 29 33 36 37 44 45 46 47 
91 1 2 3 4 5 6 7 8 9 10 11 12 13 14 15 16 17 18 19 20 21 22 23 24 25 26 27 28 29 30 31 32 34 35 36 37 38 39 40 41 42 43 44 45 46 47 48 49 50 
77 1 2 5 6 7 8 9 11 12 18 23 26 31 33 36 39 40 41 43 48 
14 1 4 5 8 10 11 17 18 29 30 33 38 45 
50 1 4 5 6 11 20 22 24 28 29 30 32 33 34 44 47 48 49 
59 1 3 6 9 13 15 20 26 27 28 29 30 32 33 41 42 45 48 50 
95 1 8 9 10 12 17 19 24 25 30 31 33 35 39 46 
18 1 6 9 10 11 12 15 18 23 27 33 34 38 42 43 46 49 
98 2 4 5 8 13 15 17 18 20 21 23 27 29 30 33 34 41 43 44 49 50 
37 2 3 5 8 10 13 15 18 19 20 24 25 28 31 33 34 37 40 42 44 45 49 
71 1 5 8 15 17 19 21 31 33 37 39 41 46 48 49 50 
52 2 3 6 11 13 14 16 17 18 21 22 23 24 28 29 30 33 34 39 40 46 47 49 50 
28 4 5 7 9 15 16 17 19 21 22 23 24 27 28 29 32 33 36 40 41 45 48 
91 3 4 5 15 16 17 18 21 32 33 35 37 41 44 46 49 
82 2 9 12 16 18 19 21 22 26 29 31 32 33 38 39 42 43 45 47 48 50 
86 2 3 4 5 8 9 14 15 20 24 29 31 32 33 36 43 46 48 49 
41 5 8 11 12 13 15 26 27 31 33 34 36 37 42 44 46 47 
64 1 3 5 6 9 13 16 18 23 26 29 31 33 36 39 40 41 42 43 45 47 50 
70 7 9 10 11 13 14 16 17 18 20 23 24 26 28 33 37 40 42 43 46 49 
55
82 3 4 5 7 9 10 11 15 21 22 24 25 33 34 39 41 43 48 50 
90 3 5 8 9 13 14 15 18 23 24 25 26 27 28 33 34 36 39 41 44 45 46 48 54 55 
72 1 2 5 9 10 11 12 14 15 17 20 25 26 28 32 34 35 37 38 40 47 49 52 55 
34 1 5 10 12 17 19 20 22 23 24 28 33 34 36 37 40 42 46 48 49 51 55 
90 1 2 3 4 7 9 10 12 15 16 26 27 31 32 34 35 37 38 39 41 46 49 50 
40 10 11 16 21 24 25 26 29 30 34 40 41 43 44 46 51 52 
33 1 5 15 16 17 19 24 26 30 33 34 37 40 43 44 46 47 48 53 54 
87 2 12 14 18 24 26 27 28 34 37 42 46 48 50 52 55 
88 1 2 3 5 12 16 17 22 23 24 26 34 38 42 44 45 49 52 55 
55 1 3 4 5 6 15 17 19 25 26 33 34 35 38 40 41 42 43 46 51 52 53 54 
59 1 3 6 15 22 30 32 34 43 44 45 47 48 51 52 53 
68 3 4 5 8 9 16 25 27 29 30 32 34 35 37 39 42 48 53 
12 2 23 25 27 28 32 34 38 42 44 46 47 48 51 52 55 
96 2 3 8 15 18 21 29 34 36 37 38 39 40 42 43 45 48 49 50 51 52 53 
80 1 2 3 5 7 10 11 14 17 19 20 21 23 27 28 34 35 37 40 46 55 
34 5 6 7 9 12 17 18 20 21 22 25 30 32 33 34 37 38 39 42 43 46 48 50 53 55 
54 3 4 7 9 10 15 16 20 24 26 29 31 34 36 38 41 43 45 46 51 53 
43 2 8 14 16 20 21 23 26 32 34 36 39 42 43 50 51 54 
33 4 7 10 15 20 22 23 24 25 27 30 31 34 35 41 42 43 45 48 50 51 52 
80 3 4 15 16 17 18 19 21 25 26 27 28 30 31 32 34 36 37 39 41 48 49 50 52 
93 1 6 14 15 16 18 20 23 29 34 35 36 37 38 42 49 53 54 55 
57 1 4 9 11 16 19 27 30 31 33 34 35 38 40 44 46 49 51 54 55 
21 2 4 9 13 15 18 19 21 25 26 27 28 29 34 36 37 41 43 48 50 52 
75 1 2 4 6 7 8 9 17 19 26 28 29 32 34 39 44 48 49 50 53 54 
36 1 2 3 6 10 12 13 16 19 20 23 28 29 30 33 34 36 37 40 42 43 47 49 50 55 
87 2 3 5 6 7 8 9 10 17 18 20 23 24 28 30 31 33 34 37 39 46 48 50 52 53 55 
84 2 5 8 12 13 15 19 20 22 23 31 34 37 38 39 40 41 42 45 46 50 52 55 
56 2 3 4 8 13 15 20 23 24 25 26 31 33 34 35 36 37 38 43 44 49 51 
79 6 12 14 17 21 23 24 25 30 31 32 34 36 42 47 51 
27 6 7 11 12 16 19 20 22 25 26 29 31 32 34 41 46 48 49 54 
30 5 17 19 20 22 26 27 28 29 30 32 34 36 37 38 40 42 43 45 51 
62 3 5 11 12 13 16 18 20 24 29 30 31 33 34 35 36 37 38 39 40 47 50 52 54 55 
39 1 2 4 7 10 16 22 25 26 28 32 34 37 38 40 43 47 48 50 52 53 
82 1 2 3 4 5 6 7 8 9 10 11 12 13 14 15 16 17 18 19 20 21 22 23 24 25 26 27 28 29 30 31 32 33 35 36 37 38 39 40 41 42 43 44 45 46 47 48 49 50 51 52 53 54 55 
81 3 5 10 12 15 19 21 22 28 32 34 36 38 39 40 41 43 47 51 55 
89 2 4 14 17 18 20 21 23 25 28 29 31 32 34 35 40 46 49 51 53 55 
21 3 4 5 7 8 12 14 15 16 20 21 23 25 26 27 28 31 32 33 34 40 49 50 52 53 
15 3 5 9 10 13 14 16 17 21 22 27 28 31 32 33 34 35 39 42 43 46 48 49 54 55 
54 1 2 5 12 14 16 18 20 24 26 27 32 34 35 38 41 42 45 47 53 
31 3 4 6 7 10 14 15 22 25 27 31 32 33 34 35 36 37 42 44 48 51 54 
32 1 2 5 6 10 17 19 20 23 27 30 34 35 39 44 45 46 47 48 55 
17 4 8 9 10 12 13 14 16 18 19 21 25 27 29 31 34 38 39 40 45 46 47 48 51 52 54 
33 1 6 7 10 11 14 16 17 18 19 23 25 28 31 33 34 35 38 44 45 46 50 52 
56 2 6 7 9 11 13 22 24 28 34 40 41 43 50 54 
30 2 9 11 14 17 19 27 31 34 39 41 42 43 46 47 48 51 53 54 55 
49 2 4 5 6 7 8 10 13 15 16 17 22 26 27 30 34 36 38 41 42 43 45 49 50 54 
57 3 7 11 13 25 29 32 33 34 35 39 41 42 45 48 52 54 
59 1 2 4 7 8 11 12 13 14 16 19 20 23 24 26 30 33 34 38 40 41 42 45 47 49 50 52 53 54 
79 3 4 5 9 14 20 21 22 24 25 28 30 34 36 37 38 46 48 51 52 55 
93 1 5 8 14 16 18 19 20 23 24 25 26 27 32 33 34 37 43 44 46 48 52 53 
30 4 6 10 11 13 14 17 18 19 22 28 29 31 34 35 36 40 42 45 49 54 
10 3 6 8 9 10 11 13 14 19 20 23 26 27 32 33 34 37 42 43 47 48 49 50 
75 7 10 11 12 14 16 17 21 24 26 33 34 36 37 39 45 48 50 
97 2 7 10 18 21 22 24 30 32 34 38 40 42 44 45 46 47 48 51 
64 2 3 4 8 9 13 15 16 21 22 25 26 27 32 34 35 36 38 41 45 49 
60
64 6 9 12 16 18 20 21 23 32 37 42 44 45 46 49 51 53 54 55 56 60 
18 4 6 9 12 13 14 26 27 31 36 39 49 53 54 56 57 59 60 
69 4 5 7 8 10 11 13 21 22 27 29 31 32 37 38 45 46 47 54 55 58 60 
35 2 3 5 7 9 10 17 18 19 23 24 26 29 30 31 32 33 34 37 39 40 41 43 44 45 48 53 54 55 58 59 
47 3 4 11 15 16 19 20 21 24 25 26 29 32 33 35 37 38 39 43 45 49 51 54 55 56 59 
30 1 2 9 16 18 19 20 21 25 28 29 34 36 37 40 44 45 49 50 54 59 60 
73 3 4 11 14 17 18 20 23 25 29 30 31 32 34 35 36 38 39 40 42 45 49 51 53 54 59 
59 3 9 10 11 13 16 20 21 24 25 27 28 29 30 37 38 40 41 42 43 50 51 52 54 56 57 59 60 
35 1 2 4 6 8 13 16 21 27 30 32 34 35 38 40 43 45 46 48 49 50 51 53 54 56 60 
69 3 4 8 11 16 17 21 22 24 25 27 38 39 41 42 44 45 48 54 58 59 
63 3 5 7 8 10 16 18 23 24 25 26 28 31 32 34 37 41 43 45 48 49 51 52 54 57 58 60 
51 1 2 13 20 23 24 25 31 34 39 40 43 47 49 50 51 53 54 58 59 
17 2 3 8 9 12 21 24 28 29 34 39 42 43 47 48 49 54 57 58 60 
62 2 7 16 20 22 31 32 42 44 48 51 54 55 58 
45 5 21 23 28 29 30 33 34 35 36 40 41 45 46 48 50 51 54 58 
71 1 5 6 8 9 10 11 14 18 20 21 22 23 25 28 29 30 36 40 45 53 54 57 59 
95 4 7 10 18 20 31 33 34 35 36 38 42 44 47 52 54 58 59 60 
18 1 4 6 7 11 16 17 25 26 29 33 36 38 39 40 41 42 43 44 54 
45 4 5 6 20 26 27 28 35 36 41 42 44 47 50 52 54 55 60 
88 1 5 6 7 8 12 14 16 17 19 21 22 24 28 31 33 37 42 46 47 49 50 52 54 55 56 57 
53 1 3 5 6 8 9 10 13 15 16 20 23 27 28 29 36 37 40 45 54 56 60 
70 3 10 14 16 20 26 28 38 40 41 51 53 54 55 57 
89 1 4 7 11 12 15 16 21 24 26 27 28 31 33 34 36 42 43 46 49 52 54 59 
51 4 5 8 10 11 12 13 20 23 29 38 39 43 46 48 51 52 54 56 57 58 
39 5 6 7 8 10 11 12 16 18 26 29 31 32 37 38 42 43 46 49 51 52 54 60 
64 2 4 5 11 18 19 22 23 25 27 28 36 38 45 46 48 54 55 
94 2 3 8 9 10 19 21 23 26 30 31 36 40 46 49 50 52 54 58 59 60 
58 6 8 11 13 15 16 19 20 21 22 23 26 31 33 34 35 37 38 42 43 53 54 55 57 
33 3 4 5 6 7 8 13 15 16 18 21 24 25 30 31 35 40 45 46 50 53 54 55 57 60 
50 4 7 8 9 15 16 27 29 38 40 45 48 49 52 54 55 58 
39 2 3 4 7 11 12 14 17 20 23 25 27 28 29 33 34 36 38 41 45 46 48 50 52 54 
92 1 3 4 5 7 9 11 14 25 34 35 37 39 40 42 43 47 48 49 54 56 59 
72 4 5 15 17 18 20 23 28 31 34 36 37 38 40 43 45 48 49 51 53 54 55 60 
86 4 6 7 9 11 12 13 15 17 23 28 31 32 33 35 36 37 38 41 43 44 46 47 51 53 54 55 58 59 
39 5 7 9 15 17 19 28 29 32 34 40 43 45 47 48 50 51 52 54 55 58 59 
79 2 6 7 15 16 17 18 19 21 23 26 27 31 33 34 38 40 45 46 47 50 54 60 
22 1 3 4 5 6 8 11 20 21 25 28 32 33 34 38 44 46 49 54 57 59 
10 3 5 7 8 9 10 17 18 22 24 25 26 28 30 31 33 34 36 37 43 44 45 47 48 49 52 53 54 58 60 
21 2 4 5 7 10 12 13 18 24 32 40 41 42 48 53 54 57 59 
53 4 6 7 8 9 12 15 16 18 21 22 27 29 30 32 33 35 36 39 42 46 49 50 53 54 55 58 60 
32 4 8 10 11 15 18 19 22 31 34 39 43 50 52 54 
47 1 7 8 10 13 14 17 18 19 20 23 25 28 32 39 40 43 44 50 53 54 56 58 59 
52 4 5 8 9 11 12 13 18 23 24 25 28 32 33 34 35 38 41 42 46 48 49 54 56 58 60 
74 1 4 6 10 14 17 18 19 34 37 38 42 46 49 54 
65 1 3 4 5 6 7 9 10 11 15 16 21 26 29 30 31 33 35 36 38 48 50 54 55 
79 1 3 9 15 20 23 24 25 26 27 29 31 34 36 37 40 43 44 47 53 54 57 58 60 
66 3 12 13 17 19 20 32 34 35 36 38 46 49 50 54 57 58 59 60 
26 4 9 10 11 13 14 15 24 26 30 31 32 33 35 38 39 43 45 49 51 54 55 
96 1 2 5 6 7 9 11 12 13 20 23 25 27 30 32 33 37 38 40 43 44 47 48 50 53 54 56 57 59 
95 6 8 9 12 15 19 20 27 29 31 35 36 40 41 42 45 47 49 54 56 57 
57 1 5 7 8 9 11 12 14 15 22 24 25 33 34 35 48 52 53 54 55 60 
73 8 11 17 19 20 23 24 25 27 30 31 35 38 41 51 53 54 55 57 58 
44 1 2 4 7 9 12 16 22 28 29 33 34 38 39 40 42 46 49 51 52 54 55 59 
59 1 2 3 4 5 6 7 8 9 10 11 12 13 14 15 16 17 18 19 20 21 22 23 24 25 26 27 28 29 30 31 32 33 34 35 36 37 38 39 40 41 42 43 44 45 46 47 48 49 50 51 52 53 55 56 57 58 59 60 
76 1 3 4 5 14 19 20 22 26 28 29 30 33 34 35 40 45 48 51 52 53 54 57 
13 1 2 5 8 9 20 21 24 32 42 43 49 50 54 58 60 
63 2 8 11 13 16 20 22 24 28 29 37 39 46 47 49 50 52 54 55 58 
75 3 4 10 11 12 13 14 15 17 24 27 30 34 35 38 40 42 43 46 47 52 54 56 57 
38 2 4 5 6 7 8 10 12 16 17 23 27 32 34 35 37 39 42 47 49 53 54 
79 1 2 3 6 8 9 11 13 17 19 21 25 27 29 33 36 38 40 43 46 47 51 54 56 
65
72 3 5 7 11 13 16 17 21 24 26 30 31 34 39 42 44 45 46 47 48 49 50 54 56 58 60 61 64 
21 5 7 8 13 14 15 18 19 20 21 23 24 25 27 28 30 37 38 39 40 42 50 52 53 54 56 58 59 60 65 
81 1 4 5 6 10 11 12 14 15 27 29 30 32 38 39 41 44 46 49 51 52 58 59 63 
47 3 6 8 10 12 14 15 17 19 26 27 28 30 31 34 40 43 46 47 48 51 53 57 58 63 
86 1 2 3 7 8 9 10 13 14 16 20 21 23 25 26 27 30 31 33 36 37 39 41 43 49 50 51 52 54 60 63 
54 3 4 11 17 23 26 30 38 39 40 43 44 45 51 55 58 60 62 
56 1 2 5 18 19 21 24 26 30 31 32 36 37 41 45 46 47 49 53 55 59 62 65 
30 2 4 5 9 10 14 17 18 20 23 24 25 26 27 29 30 31 36 37 41 44 45 48 50 53 56 59 60 64 65 
12 5 8 10 16 21 25 26 30 34 35 37 43 45 49 51 52 55 58 60 61 62 63 
60 3 4 5 8 9 12 17 18 21 23 24 26 27 30 31 35 36 37 38 39 40 41 42 48 54 56 58 62 64 65 
13 1 3 6 15 18 21 24 27 30 33 37 39 45 46 48 56 57 58 
51 3 4 10 19 25 30 33 41 45 47 50 51 57 59 
83 1 2 5 16 18 19 26 27 29 30 31 34 35 42 46 48 53 54 57 60 62 65 
14 2 3 4 5 8 15 20 21 23 26 27 30 31 32 35 36 37 41 44 46 53 54 59 62 
95 2 3 4 11 14 16 17 18 19 22 23 26 30 31 32 33 35 48 49 50 52 54 56 63 
34 1 5 9 13 15 22 23 25 26 29 30 32 35 37 40 44 52 53 55 56 57 58 59 
96 1 4 6 8 10 15 20 22 23 24 25 26 27 30 34 35 38 40 42 43 44 45 46 48 49 52 56 58 59 62 65 
36 2 7 8 10 11 13 15 20 21 29 30 32 33 36 44 54 57 58 60 61 63 
54 2 4 7 12 13 15 22 27 28 30 32 34 35 37 41 45 46 48 49 50 51 52 54 58 60 62 65 
13 2 5 8 14 17 18 22 24 25 30 31 33 37 39 42 43 47 48 49 52 55 58 59 63 65 
95 1 2 5 7 9 10 11 14 18 30 35 36 45 46 51 55 61 
14 15 16 17 19 20 23 25 30 31 35 37 46 48 49 51 57 58 62 63 65 
73 2 5 6 8 10 14 15 16 17 22 26 29 30 31 34 36 37 39 42 43 44 46 48 53 57 58 60 65 
98 1 2 7 8 10 11 17 20 25 27 29 30 32 37 38 40 42 46 47 48 54 55 57 58 60 64 
43 2 5 8 9 12 16 17 20 22 24 26 27 28 30 32 33 43 46 47 49 54 55 57 58 59 61 62 
94 1 4 5 6 7 8 9 10 13 14 15 16 17 23 25 27 30 33 34 35 38 42 44 54 56 58 62 63 64 
79 2 3 4 5 8 10 11 13 14 17 19 24 25 26 28 30 31 32 36 37 38 40 42 49 52 53 59 61 63 64 
46 2 4 19 25 27 30 31 38 41 44 46 50 52 53 55 57 65 
20 3 8 13 16 18 23 24 30 32 33 35 36 38 42 49 50 51 55 61 62 65 
53 1 2 3 4 5 6 7 8 9 10 11 12 13 14 15 16 17 18 19 20 21 22 23 24 25 26 27 28 29 31 32 33 34 35 36 37 38 39 40 41 42 43 44 45 46 47 48 49 50 51 52 53 54 55 56 57 58 59 60 61 62 63 64 65 
73 1 4 5 7 8 10 13 14 15 20 22 23 27 28 30 32 34 37 38 39 40 41 44 47 55 57 58 59 60 62 63 64 
41 3 7 14 15 16 18 19 24 25 27 29 30 31 37 40 43 45 46 47 48 51 52 65 
75 5 11 12 15 18 20 25 26 29 30 34 37 38 40 41 43 44 45 52 58 59 60 62 64 65 
35 1 4 9 13 17 19 23 26 30 31 33 36 37 38 39 41 45 46 53 56 63 
14 9 10 13 14 15 16 17 19 21 22 26 29 30 40 43 49 50 51 54 56 59 64 65 
89 5 7 8 10 14 18 21 23 27 29 30 34 41 42 43 44 48 53 58 62 
16 2 5 7 8 9 10 11 14 16 19 20 22 23 24 27 30 31 32 33 34 38 41 45 48 49 61 62 
63 2 3 6 10 17 24 26 27 28 29 30 31 33 34 37 40 41 43 45 54 60 61 63 
99 1 2 3 5 6 10 11 20 23 30 31 34 40 42 43 44 48 52 53 54 56 58 60 63 65 
31 2 4 6 10 16 17 24 27 30 31 32 33 35 38 39 41 42 44 45 47 50 51 56 57 58 63 64 65 
76 3 5 7 8 10 12 14 19 28 30 31 33 34 36 37 38 40 46 47 48 52 55 59 61 62 63 65 
43 1 2 10 13 17 20 23 24 26 27 29 30 36 39 40 43 44 47 52 54 59 65 
85 4 5 6 9 17 20 23 25 30 32 33 35 36 38 39 42 46 47 48 49 50 52 54 56 58 59 60 62 64 65 
55 1 3 6 8 14 16 17 18 23 26 28 30 31 33 36 39 40 42 47 49 52 53 54 60 61 62 63 64 65 
78 1 6 7 8 9 11 12 17 19 21 30 32 33 34 37 38 40 46 47 49 52 53 54 55 63 65 
82 1 3 4 7 11 13 14 17 19 21 22 23 24 25 28 30 32 34 41 43 45 47 50 53 54 56 57 60 62 63 65 
18 1 4 7 12 20 24 25 30 31 32 40 41 42 43 44 45 46 49 51 52 64 65 
77 1 4 8 10 11 13 15 17 19 20 22 23 24 30 32 36 37 39 41 43 50 53 57 60 61 63 
30 1 3 5 7 9 15 17 19 20 22 25 27 29 30 35 37 43 44 45 47 51 52 56 59 62 
71 1 2 5 8 12 15 19 28 29 30 35 40 43 46 48 57 58 60 62 63 64 
48 3 4 5 6 9 12 19 21 22 29 30 32 35 40 47 49 53 59 62 63 65 
96 2 3 5 9 15 16 17 19 20 27 28 30 32 33 39 41 42 43 44 45 47 49 53 54 57 58 59 62 65 
63 2 4 7 8 13 14 16 23 27 28 30 34 36 39 44 45 46 48 51 52 58 59 63 
74 1 2 5 10 13 14 15 18 19 24 25 26 30 35 38 39 42 43 44 45 46 52 56 57 59 60 63 64 
55 6 7 9 16 20 21 24 25 28 29 30 31 41 45 57 58 62 65 
31 1 2 8 10 11 15 16 17 26 30 34 35 39 40 43 46 49 54 57 59 60 61 64 65 
16 4 11 12 13 16 18 22 23 24 25 28 30 31 40 46 48 50 52 54 55 56 60 61 65 
53 1 2 3 4 6 9 10 11 16 17 18 19 20 22 23 24 25 26 30 31 33 36 39 40 43 50 52 53 55 60 63 64 
72 2 3 7 8 12 14 16 17 20 25 27 30 31 33 35 41 42 43 49 51 52 53 54 56 60 61 63 65 
66 1 2 5 6 8 9 13 18 19 23 24 30 31 33 38 39 43 44 46 48 50 54 56 57 58 59 62 64 
22 1 9 18 21 25 27 29 30 37 38 41 44 48 56 57 59 62 64 65 
41 6 7 9 10 13 14 17 19 22 25 26 29 30 31 33 36 37 41 43 44 46 49 50 51 52 55 60 61 
33 3 4 5 9 15 18 20 22 26 27 30 31 34 38 39 40 41 44 45 46 48 50 51 53 54 58 59 64 
68 1 8 10 24 26 27 30 31 33 35 40 43 44 47 50 54 56 58 60 61 63 
94 2 7 8 10 13 17 19 20 22 23 28 29 30 32 33 35 39 40 41 42 43 44 45 46 47 51 52 55 56 57 59 61 
70
54 2 3 11 14 15 17 19 28 32 33 40 44 45 46 53 54 55 56 58 61 64 65 66 70 
23 1 3 4 14 18 21 22 24 28 29 30 31 32 34 35 36 37 40 41 42 43 47 60 63 67 68 
74 1 2 4 6 9 10 13 16 21 24 25 26 27 28 31 32 34 37 40 42 43 44 48 56 59 63 64 66 67 69 70 
74 2 3 7 14 18 20 21 23 24 25 30 32 34 36 40 43 46 47 50 51 53 59 60 62 65 66 69 
57 7 9 10 12 15 16 18 19 28 31 35 37 38 40 41 44 45 47 50 51 56 59 65 66 69 70 
79 3 8 11 14 16 23 29 32 35 38 40 44 46 50 56 58 62 63 67 68 70 
99 4 5 9 11 15 16 18 20 22 23 25 26 28 29 32 35 36 38 40 42 43 45 46 48 51 54 57 58 63 64 65 68 69 
77 6 21 24 26 28 34 40 43 53 54 59 67 68 
83 3 5 7 13 15 22 23 28 29 32 33 35 40 41 45 57 58 62 66 68 
20 3 5 13 15 16 19 22 24 26 27 28 32 40 41 51 52 58 60 65 70 
41 1 6 7 12 14 20 23 27 31 33 40 42 46 48 53 55 57 58 60 62 64 65 67 70 
95 5 11 16 18 19 23 29 34 37 40 43 45 49 55 56 59 60 66 69 
97 3 9 10 15 17 20 21 23 25 31 32 35 39 40 43 44 49 51 56 62 64 65 67 68 70 
21 1 2 4 6 11 17 18 33 37 40 42 43 44 46 47 48 50 51 52 56 57 59 62 65 
96 1 5 7 9 10 13 20 22 23 29 35 38 40 41 42 47 49 50 51 52 53 54 55 59 60 62 66 67 
76 3 5 6 7 10 12 17 18 19 20 22 25 28 29 32 35 36 38 39 40 41 46 54 59 62 66 69 70 
58 1 13 14 16 20 22 27 32 37 38 40 45 50 51 52 53 54 57 64 66 67 
93 2 4 5 7 12 14 16 19 21 22 27 30 32 34 38 40 41 44 47 52 56 57 58 59 60 61 62 67 
37 1 5 10 12 16 18 22 24 28 30 31 32 35 38 40 46 47 50 53 56 59 62 63 65 67 70 
82 4 7 11 13 15 16 17 21 23 24 25 32 34 36 38 39 40 41 42 44 45 46 51 57 58 59 63 65 66 68 
32 2 3 4 8 13 18 20 22 23 24 25 26 28 33 40 42 43 45 46 50 53 54 57 60 61 62 65 67 70 
80 2 7 9 10 15 16 17 18 19 21 23 25 28 31 33 34 35 36 38 40 47 51 57 63 67 68 70 
60 4 6 7 9 11 12 13 15 20 21 22 24 26 29 30 32 33 37 38 39 40 41 43 45 49 53 57 58 63 66 68 70 
43 2 3 4 8 10 19 20 21 23 25 26 27 30 32 35 36 37 40 42 43 45 47 53 54 55 57 60 61 62 63 64 65 66 67 68 
94 3 4 7 13 16 20 21 22 24 29 40 41 44 45 48 52 53 54 58 62 64 65 69 
30 3 7 8 10 21 23 24 29 30 37 38 40 42 45 51 57 59 60 61 62 68 70 
52 3 10 11 17 18 24 28 30 34 35 40 44 46 48 52 53 56 59 61 63 64 65 68 69 70 
26 1 2 3 5 7 8 9 10 16 19 21 22 27 30 31 37 40 42 43 45 48 50 58 59 60 61 62 63 66 68 69 70 
98 2 6 7 9 12 15 16 23 25 26 33 37 38 40 43 44 45 48 50 54 56 59 65 66 68 
21 2 4 18 19 23 24 26 27 28 32 33 34 35 37 38 40 42 44 49 51 52 53 55 66 67 68 69 
11 2 3 5 11 13 19 22 28 34 35 36 37 38 40 44 45 48 51 52 56 57 58 60 62 63 
58 1 2 3 4 6 7 9 10 13 16 17 18 19 20 23 24 30 38 40 42 44 48 49 50 54 55 58 59 61 62 63 68 
45 1 9 11 14 21 22 23 29 30 35 36 37 38 40 41 45 47 49 52 53 56 59 60 67 68 70 
50 2 3 4 8 12 18 20 22 27 30 31 36 37 39 40 43 46 47 50 52 54 55 62 64 66 
18 2 5 6 7 9 13 15 16 19 22 24 27 30 31 33 37 39 40 44 47 52 54 55 56 58 62 64 68 70 
29 2 4 7 16 20 22 24 31 33 34 37 39 40 42 44 45 48 50 53 56 57 70 
24 2 3 5 12 14 17 23 24 26 28 29 30 31 33 34 35 36 40 41 42 43 46 47 51 53 57 60 64 67 69 
14 5 6 7 15 16 17 18 19 20 22 23 26 29 30 31 32 33 39 40 46 48 54 57 58 61 62 64 65 67 68 69 
88 13 16 20 23 34 35 36 38 40 45 47 49 55 56 57 58 62 64 68 69 
96 1 2 3 4 5 6 7 8 9 10 11 12 13 14 15 16 17 18 19 20 21 22 23 24 25 26 27 28 29 30 31 32 33 34 35 36 37 38 39 41 42 43 44 45 46 47 48 49 50 51 52 53 54 55 56 57 58 59 60 61 62 63 64 65 66 67 68 69 70 
76 2 5 9 10 15 16 18 20 23 25 33 37 40 42 43 46 49 51 54 56 57 60 61 63 65 68 69 
25 2 3 7 11 14 15 20 21 24 26 28 30 32 36 37 40 41 46 48 51 52 53 54 55 56 58 59 63 64 65 68 69 
61 2 3 4 7 8 12 13 14 21 23 24 28 29 34 37 40 41 44 50 52 57 59 60 63 66 
59 1 3 5 6 13 14 18 20 25 27 29 30 31 32 35 36 40 43 46 47 51 53 54 56 63 68 69 70 
90 1 5 7 9 12 17 20 21 23 24 25 26 28 29 31 33 36 39 40 47 54 55 56 58 65 67 
69 1 4 6 7 11 14 16 19 20 21 27 34 37 38 40 41 42 44 48 52 56 57 58 
99 2 4 5 14 15 18 19 22 24 33 34 35 37 39 40 44 45 48 49 51 53 54 56 59 62 66 68 70 
72 3 7 11 14 25 27 28 29 31 32 36 38 40 42 46 47 50 52 56 59 61 66 67 
71 12 13 15 23 30 32 33 39 40 41 47 50 52 53 55 59 62 63 67 68 69 70 
73 4 5 6 14 15 17 19 21 28 29 32 34 36 40 43 48 49 59 62 63 64 65 66 67 70 
98 4 5 7 10 13 14 15 17 20 22 26 30 31 37 40 41 42 44 47 63 69 70 
17 10 14 15 17 18 25 27 30 31 33 34 35 40 42 43 46 48 49 53 55 56 57 61 66 68 69 70 
91 1 4 8 11 15 17 19 21 23 24 25 27 30 33 36 37 40 42 44 47 49 52 54 
80 1 7 8 15 16 17 21 24 25 29 32 34 35 38 40 41 42 44 45 47 53 58 61 64 65 69 
86 1 11 12 15 24 30 32 34 35 39 40 42 45 49 52 56 59 61 62 63 64 68 69 
49 1 3 5 6 12 13 14 18 19 27 29 31 33 35 36 39 40 41 42 44 45 46 47 48 52 55 57 60 61 62 64 65 66 68 69 
37 7 9 11 14 17 18 20 21 22 23 24 26 31 36 37 38 39 40 41 43 46 52 56 60 61 62 63 68 
11 1 6 7 9 10 11 18 20 23 25 28 31 32 35 38 39 40 42 45 46 54 61 63 69 70 
83 3 4 5 8 12 14 15 16 18 19 20 26 27 28 29 32 33 40 42 43 47 48 49 50 55 60 62 64 68 
28 2 4 10 11 12 15 18 21 24 26 28 31 33 37 40 41 43 56 57 59 63 65 66 67 69 
35 1 18 21 24 26 27 28 32 38 40 41 48 52 54 55 56 57 58 64 66 67 
45 4 6 9 11 13 14 15 16 18 19 21 24 25 26 28 31 32 34 35 38 39 40 47 49 50 55 56 57 59 63 64 66 69 70 
27 2 3 6 7 19 20 22 23 24 27 28 31 32 40 41 42 43 44 49 50 51 55 57 58 60 62 68 69 70 
77 1 3 7 11 13 17 24 25 27 34 35 37 38 39 40 42 50 54 55 56 59 61 62 65 67 70 
35 1 4 5 7 10 11 13 14 19 20 21 24 25 27 29 38 40 41 42 45 50 54 56 60 64 66 67 
47 1 3 4 5 9 12 15 16 17 20 23 24 28 29 30 34 40 43 47 48 50 52 56 60 61 62 65 68 70 
27 2 3 6 8 11 13 15 17 18 19 21 22 24 30 33 37 38 40 45 48 49 50 60 61 64 65 69 70 
15 2 6 7 8 9 13 20 22 23 24 26 27 28 29 30 32 33 35 38 39 40 41 42 44 47 49 52 55 56 57 59 63 66 
81 3 4 5 7 12 16 25 27 28 30 37 38 39 40 41 42 44 49 51 52 54 55 56 58 60 62 63 67 
71 1 3 5 6 10 11 13 16 19 21 22 23 26 27 28 33 35 36 40 44 47 49 50 51 52 58 62 63 64 66 67 
75
47 5 6 7 10 11 14 15 16 17 18 21 22 24 30 31 32 34 37 45 48 50 56 57 59 61 63 64 66 68 73 
80 3 5 6 7 8 9 11 12 13 20 24 28 30 35 40 44 45 48 49 50 51 52 53 54 56 58 59 60 61 62 64 65 68 70 71 73 74 
45 2 6 7 8 14 15 16 17 18 21 23 27 30 33 35 40 45 46 47 49 51 54 55 57 60 64 68 69 70 71 72 73 
34 6 13 15 23 25 31 37 43 47 49 50 51 52 55 61 62 63 64 66 68 70 74 
34 1 2 6 7 8 10 12 13 19 21 25 31 35 38 40 41 42 43 44 49 51 56 57 60 62 64 65 67 68 69 71 74 75 
43 1 2 3 4 5 7 8 9 10 11 12 13 14 15 16 17 18 19 20 21 22 23 24 25 26 27 28 29 30 31 32 33 34 35 36 37 38 39 40 41 42 43 44 45 46 47 48 49 50 51 52 53 54 55 56 57 58 59 60 61 62 63 64 65 66 67 68 69 70 71 72 73 74 75 
27 1 2 3 5 6 10 12 14 15 16 21 25 26 32 35 37 41 43 44 45 47 48 57 64 65 67 71 72 
85 2 3 5 6 12 16 17 18 21 23 24 26 30 33 38 43 51 54 57 58 64 67 69 72 75 
65 2 6 14 16 21 23 24 32 34 36 37 39 40 43 44 50 58 60 62 63 68 70 73 74 
31 1 5 6 7 14 17 19 20 34 40 41 54 55 57 70 72 74 
57 1 2 6 12 13 16 17 19 20 24 25 30 31 32 33 34 37 41 42 45 46 48 52 54 55 58 60 61 64 74 
58 2 5 6 7 8 11 13 14 15 16 30 31 32 33 35 40 43 46 47 53 54 55 61 62 63 64 65 67 68 69 71 72 73 
22 2 4 5 6 11 12 14 15 17 18 19 20 27 28 29 33 35 36 37 39 42 43 44 48 60 61 63 64 65 67 72 73 
92 1 3 6 7 9 10 12 13 15 17 18 19 20 26 30 31 33 36 37 39 43 48 49 51 52 55 56 57 61 65 67 70 71 72 73 
99 1 3 4 6 7 12 13 14 20 21 24 26 32 36 37 39 40 41 44 47 56 58 62 69 70 71 73 74 
16 1 3 6 7 8 9 11 12 17 19 20 22 23 26 27 29 31 35 36 41 42 44 46 47 49 51 56 57 63 69 71 72 74 
29 1 3 6 8 10 11 13 14 16 20 21 24 28 32 38 40 41 45 47 49 53 54 57 62 72 73 
46 1 3 6 8 13 14 21 22 28 29 30 33 39 40 41 43 45 47 51 53 54 58 61 63 65 67 69 70 72 73 75 
54 5 6 10 11 13 14 16 21 22 25 26 27 31 33 37 46 47 48 52 53 55 57 58 64 68 69 73 74 75 
97 2 6 10 11 13 14 15 16 17 22 29 30 33 36 38 40 41 42 44 48 53 55 56 61 62 63 65 66 70 71 73 74 
56 1 3 5 6 7 8 9 15 17 18 19 23 25 28 29 35 37 39 40 43 44 45 46 47 48 55 62 63 65 68 69 70 71 
97 1 6 16 18 19 20 23 24 25 27 29 31 32 34 35 37 38 44 48 49 54 57 59 71 75 
15 3 4 6 8 9 16 21 22 29 30 31 32 35 44 46 47 51 54 58 59 60 62 65 69 73 
18 1 2 6 8 9 11 15 17 22 28 29 34 37 38 39 41 43 47 49 54 55 70 73 74 
87 4 5 6 7 11 19 21 22 27 28 29 30 32 33 34 41 43 44 50 53 55 59 61 63 71 75 
74 6 7 8 14 15 16 19 28 29 35 43 45 49 51 53 54 57 58 59 64 66 67 68 70 71 72 
19 3 6 13 16 19 22 25 31 35 36 38 40 46 49 50 60 63 64 72 74 75 
13 2 6 13 17 18 21 24 25 26 33 39 43 45 53 54 55 57 59 62 63 64 70 73 
15 6 13 16 18 20 21 22 23 24 25 26 34 35 37 40 41 42 43 44 45 47 48 49 50 52 54 55 56 62 65 66 69 74 
98 1 2 3 6 8 11 12 14 18 20 23 25 33 36 37 40 43 44 46 47 48 53 56 61 67 69 70 72 73 74 75 
85 1 4 5 6 11 12 14 16 19 22 23 27 32 35 37 41 42 47 52 54 55 56 57 62 64 65 67 68 69 70 73 74 
66 1 6 7 9 11 12 15 17 22 23 25 31 33 36 44 45 48 49 50 51 53 55 56 58 62 64 65 66 69 72 73 74 
48 3 6 8 11 12 13 14 18 19 20 25 28 30 32 39 40 43 49 50 52 58 60 61 62 63 64 65 67 68 70 75 
62 1 6 9 10 11 22 24 25 29 37 38 40 43 44 49 50 52 55 57 58 60 62 67 72 
61 2 3 5 6 7 12 13 16 21 22 23 26 27 29 31 38 40 41 45 47 48 50 51 57 58 59 61 63 71 72 
55 6 9 13 14 15 16 20 27 30 32 37 41 43 46 47 52 54 55 59 61 62 64 65 66 67 68 72 75 
37 1 4 6 7 9 11 13 14 15 19 21 22 24 29 30 31 34 36 38 45 46 49 51 53 56 57 59 60 63 64 65 68 70 72 
52 5 6 8 17 20 22 24 27 34 35 37 39 40 42 48 49 52 53 60 63 65 66 67 73 75 
57 6 9 13 14 15 18 21 24 28 33 38 41 42 46 47 49 51 54 61 66 68 69 71 72 73 74 
19 2 3 5 6 9 10 12 15 17 18 20 21 27 29 30 33 34 35 38 48 49 50 52 57 58 59 63 65 67 68 70 71 
57 5 6 7 10 11 15 16 17 18 20 24 25 29 31 35 36 39 45 49 50 51 54 55 60 63 64 66 67 70 71 72 
60 5 6 11 13 16 20 29 31 38 39 43 45 46 47 50 51 55 59 65 66 69 70 72 73 
82 4 5 6 7 8 9 12 13 14 18 21 24 25 26 28 29 30 33 34 36 42 46 57 58 60 62 63 
77 2 5 6 7 9 13 15 16 20 21 22 23 25 29 30 32 34 49 52 63 64 68 72 73 75 
85 1 2 3 6 7 11 17 18 21 26 28 29 32 35 37 41 42 46 47 50 52 53 59 60 64 67 68 70 71 
82 3 6 11 12 16 19 21 23 27 30 36 37 39 42 43 45 48 50 52 53 56 60 63 64 68 75 
14 3 4 6 7 12 15 16 17 18 19 21 23 24 29 30 31 35 36 39 42 45 52 53 57 58 62 63 64 66 67 68 
23 1 2 6 7 11 13 14 19 20 21 22 29 30 32 35 38 40 46 49 52 54 58 59 61 63 65 66 67 71 73 74 
51 2 3 4 5 6 14 16 17 22 24 26 27 29 32 33 34 37 38 39 40 41 44 48 51 55 56 61 62 65 66 70 74 75 
17 1 2 4 6 9 25 27 29 32 33 34 35 40 41 42 45 46 52 54 56 60 61 62 66 73 75 
74 2 3 4 5 6 8 14 16 18 23 26 32 35 37 39 41 42 49 52 54 57 58 65 67 
20 2 4 6 11 14 19 29 31 33 34 36 38 40 44 45 46 47 48 50 51 53 54 55 57 60 61 63 72 73 74 
71 2 6 12 17 18 19 20 25 26 28 30 32 37 38 45 46 47 52 55 56 59 64 66 67 68 70 71 74 75 
90 2 3 6 8 10 11 12 17 18 22 23 24 26 28 29 31 36 39 41 48 50 51 52 56 57 60 61 62 68 71 72 73 74 
43 3 4 6 10 11 12 14 19 20 21 24 25 28 29 31 32 34 36 41 42 49 52 53 56 59 60 63 68 74 
71 1 2 5 6 14 15 16 20 29 30 31 32 37 46 49 50 53 54 55 58 59 63 64 65 66 67 69 70 75 
19 1 3 5 6 7 8 10 14 16 17 19 22 26 28 31 34 35 37 40 43 47 51 52 54 58 59 60 62 63 64 68 73 74 75 
17 2 6 8 9 11 15 18 19 23 26 32 33 34 35 40 43 47 48 51 56 57 61 64 65 69 70 71 
42 1 2 6 22 23 25 26 28 35 36 37 40 42 45 48 53 55 56 57 60 62 64 67 72 74 75 
89 2 3 5 6 9 11 13 23 27 33 34 37 38 41 43 45 46 50 52 54 55 57 59 61 62 64 65 
37 1 2 4 6 11 12 13 14 18 20 25 30 33 35 36 39 48 49 50 52 54 58 60 72 75 
62 2 4 5 6 9 12 15 17 20 21 23 28 29 31 32 33 34 36 43 47 49 50 54 57 59 60 63 65 72 73 
33 1 4 6 9 12 13 16 18 20 21 25 27 28 33 35 37 38 40 41 43 44 46 47 48 52 55 56 57 62 67 68 72 74 
31 1 2 3 4 5 6 7 8 11 12 13 19 26 27 28 31 32 33 36 37 41 44 45 46 47 53 56 57 58 59 60 70 71 73 74 
29 2 5 6 7 12 13 14 18 20 21 23 29 31 32 33 36 37 38 40 42 48 49 51 56 58 60 62 67 71 72 73 
55 1 4 6 20 26 29 32 36 38 39 41 42 47 48 49 50 53 56 
19 5 6 7 8 12 13 14 18 26 30 31 33 34 36 38 40 41 45 47 48 51 53 56 59 63 65 68 69 70 74 
71 1 2 3 4 5 6 9 12 19 21 26 31 33 36 37 39 40 44 45 46 47 53 54 55 57 63 67 69 72 73 75 
94 3 5 6 8 12 15 16 18 19 21 23 29 30 31 32 39 42 56 58 67 68 71 73 
48 2 3 4 6 9 10 14 15 18 20 21 24 26 28 30 31 33 37 40 41 42 45 49 53 56 58 64 67 71 73 75 
76 2 3 5 6 7 12 14 15 16 20 21 22 25 26 35 39 40 41 45 48 53 54 58 64 65 69 70 73 74 
43 3 6 7 8 10 12 13 14 16 17 18 26 27 30 32 34 35 36 37 39 41 42 44 52 54 59 61 62 63 65 68 73 75 
13 1 2 3 6 9 12 13 14 15 17 18 19 20 23 24 28 30 31 32 38 39 42 44 48 50 52 54 57 62 64 65 68 69 70 71 72 
53 2 4 5 6 9 10 11 15 16 19 20 24 27 29 30 31 32 39 48 49 52 53 54 55 57 59 63 64 67 71 75 
29 5 6 8 18 19 22 25 27 30 33 36 38 44 46 49 50 53 56 57 59 61 68 70 72 74 
80
44 2 5 6 7 9 12 17 18 19 20 24 28 32 34 36 40 42 44 47 48 56 60 61 62 63 66 69 70 75 80 
91 1 3 7 9 21 24 26 28 29 35 36 37 54 56 57 60 61 65 66 67 68 69 71 73 74 75 76 
14 2 5 8 10 11 16 19 20 21 24 25 26 29 32 34 35 36 40 41 42 44 46 48 52 55 57 59 60 62 68 72 74 77 78 79 80 
46 6 10 11 12 13 16 18 24 26 27 30 31 34 42 44 45 47 48 50 53 54 55 57 58 60 67 72 75 77 78 
86 1 3 7 10 16 20 24 25 26 27 28 29 31 33 34 39 45 46 47 49 50 51 52 57 59 72 75 76 78 
49 1 4 7 8 10 12 16 20 21 23 24 25 28 30 31 32 33 37 39 46 51 52 53 58 60 62 66 67 68 70 73 77 78 
19 1 2 5 6 8 9 13 17 18 19 20 24 26 27 29 31 32 33 40 47 49 50 52 53 55 59 63 64 65 67 68 74 75 
18 3 6 7 9 11 12 14 17 19 21 23 24 25 29 30 32 33 35 36 38 41 42 46 48 51 54 56 57 61 64 66 68 69 72 75 77 79 80 
47 1 2 7 8 11 13 16 17 23 24 25 26 27 29 35 40 44 47 52 56 57 62 63 67 68 73 74 76 77 78 
92 3 4 5 6 11 12 15 17 23 24 26 27 35 37 40 42 45 48 50 52 53 55 56 63 69 70 75 76 77 78 80 
99 3 4 8 9 10 12 16 17 19 22 24 26 27 28 30 33 35 42 56 58 60 76 77 79 
82 1 4 6 8 10 11 14 16 18 19 20 23 24 26 27 28 31 40 41 46 48 55 62 63 64 66 70 72 75 79 80 
61 4 7 9 17 18 19 21 22 24 32 38 42 49 51 58 60 61 63 65 67 68 70 71 73 74 75 79 
11 8 12 15 16 18 19 21 24 28 35 42 43 44 45 46 48 53 58 63 66 67 75 76 78 80 
61 10 14 17 20 24 35 38 40 47 48 51 52 57 59 62 64 65 66 67 70 80 
94 3 4 5 6 9 11 12 14 18 19 21 23 24 28 31 34 40 45 48 49 50 54 55 56 62 63 67 71 74 75 78 80 
10 1 7 8 9 10 11 13 15 19 20 22 23 24 34 35 36 37 41 43 44 45 47 51 54 57 58 59 60 62 63 64 67 68 69 73 76 79 80 
82 1 4 7 12 13 14 16 22 24 25 27 28 29 37 39 41 43 48 51 54 57 60 62 63 64 67 68 70 74 79 80 
99 1 3 7 8 11 12 13 14 16 17 20 24 25 26 27 32 36 38 40 41 43 45 46 47 48 50 53 57 59 61 63 64 67 70 71 74 76 77 78 80 
90 1 3 5 6 7 12 15 17 19 21 22 24 26 29 31 32 33 35 37 38 45 46 47 48 51 54 57 58 62 68 73 74 77 78 79 
93 2 3 6 8 13 14 16 20 22 24 25 27 30 32 34 37 41 50 51 52 53 54 58 59 60 63 65 75 80 
11 11 13 17 18 20 21 24 25 30 33 38 45 46 51 52 54 55 56 57 59 62 63 65 66 69 71 72 76 78 
83 6 8 9 10 12 16 17 24 27 29 30 37 39 40 42 43 46 48 52 54 56 60 64 66 69 70 75 78 
99 1 2 3 4 5 6 7 8 9 10 11 12 13 14 15 16 17 18 19 20 21 22 23 25 26 27 28 29 30 31 32 33 34 35 36 37 38 39 40 41 42 43 44 45 46 47 48 49 50 51 52 53 54 55 56 57 58 59 60 61 62 63 64 65 66 67 68 69 70 71 72 73 74 75 76 77 78 79 80 
91 3 5 6 8 9 18 19 21 22 24 28 30 31 34 39 40 41 42 44 48 49 53 54 56 58 61 64 68 72 73 76 80 
87 2 3 4 5 7 9 10 11 12 19 20 24 30 33 34 39 40 43 49 50 55 58 59 60 64 68 73 76 77 78 
78 4 5 7 9 10 11 12 18 19 21 23 24 30 32 35 43 44 46 48 49 61 64 67 68 76 77 
49 1 2 5 6 11 12 14 16 18 24 25 29 32 33 34 39 41 43 44 46 47 49 50 58 59 65 73 74 75 79 
50 2 3 5 7 8 9 18 20 23 24 28 30 33 35 36 37 38 40 44 45 47 51 54 60 61 66 67 71 77 78 
91 4 6 8 11 21 22 23 24 25 26 27 29 31 33 34 37 38 39 40 42 43 44 45 46 48 49 50 51 53 54 55 56 62 67 68 69 72 74 76 79 
55 4 5 6 7 12 16 20 24 25 30 33 34 35 36 38 40 42 44 48 52 53 56 60 65 67 70 72 74 77 79 
81 1 3 6 7 8 13 19 20 21 24 27 28 33 35 38 40 43 46 47 49 53 55 59 64 77 78 79 80 
41 5 6 7 8 11 20 22 24 26 28 29 30 31 32 36 39 42 43 45 48 51 53 56 57 58 62 66 67 69 70 72 74 75 76 79 
32 1 3 4 5 16 17 21 24 25 26 28 30 31 36 37 40 42 43 45 48 49 50 52 54 61 63 65 67 71 74 75 76 80 
85 2 3 8 9 10 11 14 15 17 20 24 27 29 31 32 37 38 41 42 44 45 48 52 53 54 56 57 65 66 68 69 77 78 79 
47 1 2 3 8 17 19 24 29 31 33 34 40 43 45 46 49 52 53 57 65 66 68 71 74 77 78 80 
39 2 6 10 17 18 20 21 23 24 29 30 34 35 38 43 44 45 46 48 49 53 54 55 56 58 65 68 75 76 79 
79 8 13 15 19 20 22 24 29 30 31 32 35 37 41 44 46 47 55 56 57 59 60 62 66 67 74 77 78 79 
54 5 6 18 23 24 25 26 28 30 33 47 55 63 64 69 70 78 
33 1 3 7 9 10 12 15 16 19 23 24 25 26 29 30 31 32 34 36 42 43 47 48 50 52 54 58 59 63 68 70 76 77 79 
79 3 8 12 17 18 19 21 24 25 28 35 38 43 45 51 52 56 57 59 63 69 70 71 72 73 75 78 
63 1 3 4 8 10 11 13 14 23 24 25 30 31 33 34 35 40 43 45 46 48 50 54 56 58 59 60 68 69 72 74 75 77 78 79 
60 14 17 18 19 23 24 26 27 28 30 32 33 34 36 37 40 41 42 48 52 54 55 60 61 64 66 67 68 69 72 75 
43 1 3 4 9 14 17 24 25 27 28 29 30 31 35 37 38 45 46 47 48 49 53 54 61 63 67 68 70 73 74 77 80 
82 4 5 10 14 16 17 19 20 22 24 29 30 33 34 35 36 37 41 42 44 48 54 59 60 61 62 63 64 71 73 75 76 77 79 
70 3 5 6 8 12 14 19 20 22 23 24 27 28 30 32 36 37 38 42 44 49 53 57 59 60 61 64 68 72 73 76 79 
54 1 4 5 7 9 15 17 19 20 24 28 29 32 38 39 40 44 50 52 57 59 60 62 65 67 68 71 73 77 79 
30 1 3 4 8 10 12 14 15 16 18 19 20 23 24 25 27 30 31 33 34 35 37 40 42 43 44 45 50 53 54 56 61 65 67 68 69 70 71 77 79 
23 5 7 13 16 24 25 26 27 28 30 32 34 36 37 44 46 51 52 54 64 69 71 73 76 78 
96 4 5 7 10 16 19 21 24 26 28 30 34 40 42 47 48 52 57 62 65 70 78 80 
38 5 6 8 13 15 17 18 20 21 22 24 29 30 33 41 49 54 55 56 58 59 60 61 63 64 66 71 73 75 78 79 
37 3 5 6 7 9 10 15 21 22 23 24 31 34 35 36 40 41 43 47 49 50 56 59 65 74 75 77 80 
90 4 6 7 10 14 19 21 24 25 30 31 32 33 35 36 37 44 46 48 54 58 59 63 64 68 69 72 78 80 
41 2 4 8 16 17 18 20 21 22 23 24 25 29 30 34 35 37 40 42 43 44 45 48 49 51 53 57 58 59 60 61 65 67 69 70 72 73 75 
19 3 4 7 10 12 16 22 24 26 30 32 37 38 39 43 51 57 61 64 65 71 72 75 77 
27 1 2 8 9 10 11 16 22 23 24 25 30 31 33 35 37 38 41 42 48 51 52 57 60 66 72 73 74 77 78 79 
54 2 3 4 5 8 9 15 17 18 19 20 22 24 33 35 36 38 41 46 47 50 54 55 56 63 64 69 70 72 73 75 
99 4 6 11 13 14 17 20 21 24 25 26 28 33 37 40 42 51 53 54 60 63 64 65 66 68 69 73 78 80 
95 3 5 7 15 17 19 21 22 24 26 28 32 38 40 41 42 45 46 47 51 52 53 54 60 63 65 66 67 69 70 71 72 78 80 
72 1 2 3 4 6 11 13 17 18 21 23 24 26 29 31 38 42 43 45 46 47 51 54 56 58 59 62 63 64 66 68 69 74 76 80 
96 1 2 8 13 19 24 25 27 29 34 43 44 45 46 48 51 54 55 62 65 66 72 74 75 77 80 
74 1 3 6 9 12 15 16 17 18 20 22 24 30 33 38 45 47 50 60 61 65 67 72 74 75 78 79 80 
87 1 7 9 10 12 13 14 16 17 18 19 21 22 24 34 39 40 41 44 45 51 53 57 58 59 60 64 68 75 78 
27 7 8 12 15 17 18 19 23 24 25 26 27 32 39 43 45 46 49 51 53 55 57 58 60 63 68 72 74 75 76 77 79 
87 2 7 13 15 21 22 24 28 31 34 35 36 37 47 48 50 52 54 55 58 59 61 62 67 72 73 76 77 78 79 
66 1 2 6 8 12 14 15 22 23 24 29 33 35 36 38 43 51 56 58 59 60 61 72 76 79 
43 2 4 6 7 9 13 14 15 16 17 18 19 24 27 29 30 31 33 34 38 43 44 47 48 54 59 62 65 69 73 74 77 78 
39 2 3 6 7 8 9 13 17 18 20 24 25 26 27 30 35 36 37 40 42 43 44 46 47 48 53 58 60 63 64 69 72 74 75 76 77 78 79 
69 1 2 8 10 17 22 23 24 30 33 35 39 41 42 43 48 49 53 54 57 58 59 60 67 68 73 75 79 
16 1 6 10 12 13 15 18 19 23 24 31 33 39 40 41 44 48 50 54 57 59 75 77 78 
82 2 13 16 19 22 24 29 34 36 41 45 47 48 49 51 55 59 72 73 79 
34 3 4 5 8 12 22 24 25 30 31 33 41 42 43 46 53 54 55 56 57 59 61 62 64 65 66 68 71 74 76 79 
75 2 6 9 13 17 20 24 25 26 28 41 44 45 46 47 49 51 54 56 57 58 65 67 69 71 75 77 79 80 
64 2 3 7 9 13 16 18 19 20 24 28 30 31 33 34 36 38 42 44 52 56 60 61 62 64 67 68 72 77 79 80 
85 1 2 4 5 7 8 10 12 13 14 16 21 23 24 28 33 34 37 41 42 43 45 51 52 54 55 57 61 62 63 64 68 69 70 73 76 77 78 79 
20 2 5 9 10 11 14 17 19 22 24 25 26 27 30 33 34 37 40 45 46 49 60 64 65 66 68 72 75 77 78 79 
30 3 4 6 8 9 10 11 19 20 24 26 27 29 31 32 35 36 38 40 42 44 45 47 48 52 55 56 61 64 65 67 68 70 73 74 75 76 78 
88 3 4 5 6 9 10 14 16 19 20 22 23 24 26 29 32 35 36 38 39 41 42 49 50 51 53 56 58 59 62 63 65 67 68 70 75 76 77 79 
83 3 8 11 12 13 17 18 20 24 28 30 31 32 33 35 37 38 40 42 45 46 47 48 51 56 62 64 65 66 68 69 71 72 73 74 75 76 78 
22 1 3 8 10 12 14 15 16 17 18 19 21 24 25 32 34 36 44 50 52 53 58 59 60 61 62 73 74 
85
69 7 8 12 13 17 22 24 25 26 32 35 36 38 39 49 50 51 57 58 60 62 64 66 67 71 72 75 76 79 82 84 
50 4 8 9 11 12 14 16 18 23 28 31 32 33 35 37 41 43 46 47 52 53 57 59 61 62 63 67 71 73 77 78 80 81 82 83 85 
35 4 12 13 15 16 26 28 42 43 44 46 49 52 53 55 57 66 67 68 71 74 76 78 79 80 82 83 
18 2 3 8 10 11 17 18 24 30 31 32 34 35 39 43 44 47 52 60 61 62 63 67 68 69 73 74 76 77 81 82 85 
86 10 16 20 24 25 26 29 30 31 34 36 38 39 40 47 49 50 53 57 58 61 63 65 67 68 69 72 73 80 82 85 
45 11 12 14 17 19 30 31 34 36 40 44 49 52 53 54 60 65 67 68 72 73 74 76 81 83 
64 1 9 15 16 26 28 34 38 43 45 47 49 52 54 55 62 63 67 69 77 82 84 
69 1 2 4 13 15 17 19 20 24 28 29 30 31 34 35 37 38 50 52 56 58 59 61 62 67 71 73 81 83 
52 2 7 11 12 16 19 27 28 32 33 39 44 47 48 49 51 59 60 61 62 67 69 72 73 77 78 80 81 83 
84 4 5 11 12 14 16 17 21 22 26 27 28 32 34 35 37 40 42 44 45 46 48 49 50 57 58 62 67 68 70 72 74 78 79 85 
94 2 4 6 9 10 16 18 22 24 27 31 36 43 46 50 51 54 55 56 61 63 67 73 
22 1 2 3 6 9 10 16 18 19 23 24 26 27 30 32 39 42 43 45 48 54 57 62 64 66 67 70 75 77 81 83 
56 1 3 8 15 19 20 21 25 26 31 33 41 42 48 50 51 55 57 58 60 66 67 70 71 77 78 79 85 
19 2 6 10 15 18 20 21 24 27 30 31 32 34 39 42 43 44 46 47 48 51 52 53 55 56 57 60 63 64 66 67 68 69 71 75 76 78 79 81 84 85 
53 3 7 8 13 14 16 18 20 21 24 31 32 34 37 39 40 41 42 44 45 51 54 56 59 60 61 65 66 67 69 73 75 77 78 79 80 82 
65 2 3 5 7 9 10 11 12 15 17 18 21 23 26 33 34 37 38 42 45 46 48 51 54 56 61 65 67 75 76 77 78 81 84 85 
49 1 4 6 8 10 16 18 19 23 29 33 37 41 42 43 44 47 50 54 55 59 61 65 67 69 74 75 76 78 81 82 83 84 
56 2 4 11 12 14 15 16 17 20 21 24 25 26 27 28 32 40 47 49 51 54 58 59 61 62 67 70 71 76 81 
69 6 8 9 12 13 17 21 24 27 28 30 32 33 34 36 38 40 41 42 43 46 48 50 51 54 57 63 64 67 71 72 74 75 80 82 
39 5 8 13 14 15 18 22 24 25 29 34 38 39 46 49 56 57 60 63 64 65 67 68 69 72 73 74 77 78 81 82 83 
69 10 13 14 15 16 18 19 26 27 28 36 40 45 48 49 57 58 60 61 64 67 68 71 72 73 74 83 
67 1 10 11 20 27 31 32 33 34 35 36 42 44 45 49 51 56 57 62 67 68 70 71 72 73 74 78 81 83 84 85 
49 2 12 16 17 26 27 33 34 37 38 39 41 47 53 58 60 61 67 69 70 71 74 76 79 82 83 84 
21 1 4 5 8 11 12 14 15 18 19 20 26 27 28 30 31 35 37 38 39 41 42 51 63 67 70 74 80 82 84 85 
10 1 5 13 18 20 27 31 33 36 39 43 44 47 51 53 55 56 57 61 64 66 67 69 70 76 82 
89 1 3 5 7 10 12 13 16 18 21 23 24 29 34 36 42 44 47 48 49 50 51 55 57 60 61 63 67 69 70 72 75 80 81 82 
79 9 10 11 12 14 18 19 21 22 23 24 25 37 38 39 40 41 43 48 50 52 57 61 66 67 72 74 
36 2 3 7 8 9 10 18 19 21 24 32 33 35 37 39 48 50 54 55 59 60 62 65 67 68 71 75 76 78 79 81 82 
55 5 8 17 20 26 30 34 38 39 40 42 47 50 51 54 56 58 60 62 63 65 67 68 71 72 73 76 79 80 82 83 84 85 
63 4 5 6 8 12 14 19 24 29 32 37 38 40 41 42 43 44 49 53 55 56 57 58 61 63 67 76 80 81 82 85 
92 2 4 5 6 8 11 13 14 15 22 24 25 33 37 40 43 44 46 47 48 51 54 56 57 61 63 64 67 70 71 76 77 79 80 81 82 
73 1 2 4 9 10 12 14 15 18 19 22 28 30 36 42 43 44 47 50 53 57 58 59 62 64 67 69 70 72 74 75 77 79 85 
93 2 9 13 16 17 19 22 23 25 28 31 34 37 42 46 47 48 50 53 54 55 57 59 67 68 74 77 80 81 83 
24 4 5 6 7 8 10 14 15 16 19 20 22 23 26 29 33 37 38 39 42 44 47 48 54 56 58 60 62 63 67 68 70 74 76 80 81 82 84 85 
68 1 2 4 8 10 22 24 28 36 38 41 42 44 45 49 59 63 66 67 69 70 79 85 
78 1 5 6 11 19 21 22 25 26 32 35 37 41 44 48 52 54 55 58 59 60 63 67 68 69 71 72 80 81 
18 2 8 10 15 16 17 23 24 27 28 30 31 33 34 36 40 44 46 49 51 52 55 56 57 59 65 66 67 68 69 70 72 73 74 76 81 82 84 85 
33 1 5 7 8 16 19 20 23 24 27 29 30 34 35 39 40 41 44 45 48 49 51 52 53 55 60 61 64 66 67 68 71 78 79 84 
68 1 4 5 9 12 14 15 20 23 24 25 27 28 29 34 38 41 42 53 55 58 60 61 65 67 68 75 79 80 81 
83 5 6 10 15 18 19 21 27 29 30 31 37 38 42 43 48 49 54 58 61 64 67 68 73 74 76 77 79 82 83 84 
38 2 13 15 17 19 23 24 27 30 35 36 38 39 45 50 53 58 63 67 69 70 71 73 79 80 81 84 85 
65 3 10 12 13 14 15 16 17 19 22 24 26 29 30 32 33 34 35 39 40 43 45 48 51 55 56 57 62 63 67 68 70 71 77 80 82 84 
62 2 3 4 7 11 12 14 17 19 25 27 30 31 32 40 42 45 48 53 55 56 57 62 64 65 66 67 69 73 74 76 82 83 84 85 
68 3 4 6 9 10 14 15 17 22 25 26 30 31 32 34 35 36 37 38 46 53 54 55 56 61 62 67 70 72 73 77 78 80 83 85 
90 7 10 12 15 16 21 22 35 38 41 42 43 49 51 52 53 54 55 57 60 62 63 65 67 68 72 74 82 83 85 
38 2 3 10 11 14 16 19 20 31 33 37 44 48 50 58 59 60 64 67 71 72 76 79 85 
15 2 4 5 7 9 14 17 18 23 25 26 29 31 32 33 34 54 55 60 62 67 69 72 73 75 76 78 79 80 83 84 
59 9 10 12 13 14 16 19 21 26 27 28 31 33 34 36 38 40 42 43 46 50 54 57 60 65 67 69 71 74 77 78 79 83 
75 1 3 5 6 7 9 10 18 20 21 22 26 30 35 37 38 40 45 50 51 55 56 57 64 67 68 69 73 75 76 84 
38 1 5 8 10 11 13 17 19 26 27 28 29 32 33 41 46 48 49 51 52 56 57 59 60 64 67 68 70 75 77 79 82 84 
56 1 9 11 13 14 15 16 18 19 22 24 25 26 29 31 37 38 42 45 49 50 54 56 57 59 60 61 65 67 68 70 72 75 79 81 83 
77 2 3 4 6 7 8 14 27 36 37 38 45 50 53 54 58 59 64 66 67 71 72 77 78 82 83 84 
46 2 3 5 6 14 23 25 30 32 33 38 39 41 43 44 45 52 55 59 60 62 63 65 67 69 70 72 79 80 81 82 85 
86 6 7 11 12 15 16 17 18 19 28 29 31 33 34 36 40 44 45 47 48 51 52 56 58 62 65 67 68 70 72 74 79 81 85 
12 3 7 11 13 14 17 25 26 28 30 33 36 37 38 39 42 43 44 45 47 49 53 57 59 61 65 67 68 70 73 76 80 
64 8 11 14 15 16 20 22 25 29 30 31 34 37 42 43 44 49 50 51 54 58 60 63 66 67 68 70 71 72 75 76 77 79 83 
62 1 2 3 5 10 12 13 14 19 20 21 22 25 26 27 30 31 32 33 37 42 43 45 48 49 50 51 55 59 64 67 71 76 78 81 82 85 
11 1 5 8 10 13 18 21 23 29 30 32 34 36 39 40 41 46 52 54 56 63 66 67 72 73 78 
23 2 8 9 15 17 18 28 32 33 35 36 37 46 50 51 52 53 55 57 61 62 63 67 68 69 72 73 76 77 79 80 82 83 84 85 
10 1 4 6 9 13 14 15 20 21 23 26 28 29 34 36 38 39 45 46 47 48 50 51 53 56 61 62 63 66 67 70 71 73 74 75 76 77 78 81 83 
30 2 4 5 8 9 11 15 16 17 18 21 23 25 26 27 30 31 38 39 40 44 51 55 59 60 62 64 65 66 67 68 70 71 73 74 78 81 82 
21 1 2 4 7 8 9 10 12 18 22 28 29 32 34 42 43 44 45 47 53 54 59 60 61 63 64 65 67 68 72 74 75 85 
57 2 4 5 7 11 14 19 20 24 26 29 30 31 34 35 36 41 42 45 53 56 58 59 60 62 65 66 67 72 73 74 75 77 79 
17 1 12 14 19 20 21 25 31 32 38 40 43 46 49 50 52 57 61 62 65 67 69 73 77 79 80 82 83 84 
86 5 6 15 16 17 20 28 29 37 39 43 45 48 51 53 54 55 61 62 63 64 67 71 72 76 80 81 82 
63 1 3 12 13 14 15 25 27 35 37 38 43 52 56 58 60 61 63 67 68 69 70 71 77 79 81 83 85 
37 1 2 3 4 5 6 7 8 9 10 11 12 13 14 15 16 17 18 19 20 21 22 23 24 25 26 27 28 29 30 31 32 33 34 35 36 37 38 39 40 41 42 43 44 45 46 47 48 49 50 51 52 53 54 55 56 57 58 59 60 61 62 63 64 65 66 68 69 70 71 72 73 74 75 76 77 78 79 80 81 82 83 84 85 
43 3 4 5 6 10 14 20 21 22 28 29 33 34 36 37 38 39 40 42 45 49 50 51 54 55 56 59 61 62 66 67 70 76 77 78 79 82 83 
50 4 5 7 9 14 15 17 20 23 25 26 32 35 36 37 41 43 47 48 49 53 59 64 66 67 74 75 79 83 84 85 
98 10 12 13 18 22 23 24 25 26 31 32 34 35 37 41 42 44 50 51 53 54 55 56 60 61 66 67 68 71 72 76 81 82 83 
42 1 2 3 8 13 14 18 19 21 22 23 28 29 31 36 38 41 42 46 48 52 56 57 60 61 65 66 67 70 72 75 77 78 80 81 83 
80 1 5 6 9 10 19 20 21 22 26 27 29 32 36 37 44 45 46 47 51 52 53 54 56 58 59 62 63 65 67 70 71 74 75 77 81 82 
73 2 4 5 6 8 9 11 15 20 21 22 29 37 40 41 43 44 47 49 55 58 59 60 61 63 64 67 81 84 85 
94 3 4 6 10 17 19 20 21 22 23 24 27 32 33 34 37 40 43 45 48 54 60 61 62 63 67 69 72 78 84 85 
42 1 12 14 15 16 17 19 26 28 32 39 47 49 50 51 56 60 62 63 67 69 71 72 76 77 83 84 
87 1 3 4 6 14 16 17 18 23 25 28 29 30 31 34 37 40 43 46 47 49 55 56 57 59 60 65 67 68 70 75 77 78 
51 2 4 7 9 12 13 15 16 20 31 32 33 40 42 44 48 50 52 56 59 60 63 64 66 67 68 71 72 75 76 80 85 
55 2 3 9 10 13 14 15 16 17 20 22 28 38 44 47 48 52 57 58 60 61 67 68 71 74 76 79 80 81 82 84 
77 1 3 10 13 14 15 23 28 29 31 32 35 38 39 40 41 46 47 48 50 51 53 54 56 59 63 64 66 67 68 69 78 80 83 85 
42 2 3 5 9 15 19 24 26 29 30 31 33 34 36 39 41 42 44 47 53 55 59 64 65 67 71 77 78 79 82 85 
60 2 4 6 8 9 12 14 16 17 18 20 22 26 28 30 31 33 34 36 37 39 41 51 53 54 57 60 61 65 66 67 70 71 72 73 78 82 84 85 
51 1 2 3 4 5 7 15 17 19 20 23 24 25 26 28 29 30 31 34 37 40 42 43 45 50 52 53 57 59 61 64 65 67 68 70 72 78 80 81 85 
22 2 3 6 8 9 12 17 20 21 22 23 29 33 40 43 44 45 47 48 51 52 56 59 60 64 66 67 68 69 70 71 75 79 
29 1 7 14 16 17 22 23 24 29 34 37 38 40 41 42 43 47 49 50 52 59 64 67 69 73 74 75 78 81 
53 2 4 5 10 13 14 16 22 24 29 30 32 34 35 37 41 43 44 45 46 53 54 57 59 62 66 67 69 73 74 77 79 80 81 82 
90
94 3 6 9 10 11 15 18 20 21 24 30 34 38 39 41 45 47 49 52 53 56 61 66 67 72 76 78 80 82 84 85 86 87 89 90 
79 4 9 17 18 19 21 24 26 30 32 33 34 36 37 39 40 42 49 51 53 56 58 59 60 62 63 64 71 83 88 
24 1 4 5 7 9 10 13 17 19 22 27 28 30 31 36 39 41 43 44 46 47 48 49 50 56 58 61 63 64 69 71 73 76 77 78 80 85 
54 2 3 5 9 12 13 16 18 19 22 26 29 30 42 43 45 48 51 52 55 56 57 60 62 68 69 70 74 76 78 83 90 
62 3 4 8 10 12 14 20 23 27 28 29 34 35 36 41 48 50 54 56 57 59 60 65 66 70 72 75 78 79 82 83 88 90 
25 1 7 14 17 19 22 25 26 28 29 30 31 35 36 40 41 42 44 46 47 49 51 53 55 56 59 73 76 81 83 
40 3 6 9 16 18 19 25 27 28 29 31 32 34 38 39 41 42 44 45 52 56 57 58 60 61 64 65 67 72 82 83 84 89 
57 5 9 10 14 17 20 23 27 30 33 34 37 40 41 43 44 45 46 47 48 50 51 52 56 57 70 71 72 75 82 83 86 88 
16 1 2 3 4 7 8 10 16 17 19 24 28 29 32 36 39 43 45 46 48 50 51 53 56 58 60 64 69 73 74 76 77 79 80 83 84 85 88 
57 1 3 5 8 9 15 19 20 23 25 30 33 35 37 40 42 43 44 45 48 50 52 53 54 56 58 61 64 65 68 70 71 72 78 79 83 86 89 
39 1 15 16 17 18 19 20 22 23 26 34 36 37 40 44 45 46 50 51 56 57 58 60 61 63 64 71 85 89 
15 4 5 13 14 15 16 18 19 23 27 28 32 33 37 40 42 43 44 47 49 50 52 56 62 63 66 68 70 75 76 79 84 90 
95 3 4 12 14 15 16 17 27 28 30 33 34 40 41 42 43 44 46 54 56 57 59 61 66 68 71 72 76 79 80 81 84 87 
78 5 6 8 12 13 15 16 17 18 20 24 26 27 29 30 32 33 43 44 47 48 52 56 57 59 63 65 66 68 74 77 78 79 80 83 85 86 88 
82 1 10 11 12 13 14 16 18 20 21 23 24 28 33 35 36 41 44 47 48 51 52 53 56 57 58 66 71 75 76 77 78 79 83 90 
23 4 7 9 11 12 13 14 15 20 24 29 31 33 37 38 40 42 43 45 46 47 49 51 53 55 56 57 59 60 65 66 69 74 77 79 83 84 85 88 90 
47 2 3 6 8 9 11 13 14 18 21 22 24 26 29 31 33 40 41 43 45 52 53 54 55 56 58 60 63 69 71 75 76 78 79 83 86 88 
77 1 2 4 7 11 12 14 15 17 20 23 26 30 31 33 34 38 39 41 44 52 55 56 59 60 63 64 68 79 84 86 89 90 
92 2 3 4 6 7 9 10 11 12 20 21 24 25 26 30 32 38 39 41 42 43 45 46 47 48 49 50 53 55 56 58 61 73 74 78 79 82 84 85 86 88 89 90 
53 1 5 8 10 11 14 15 16 18 19 21 22 23 25 27 29 30 32 35 36 40 44 49 50 51 52 53 54 56 58 63 65 67 72 76 85 87 88 89 
26 1 2 15 17 19 20 22 24 26 27 29 34 39 44 45 49 53 54 56 57 60 62 65 71 73 75 76 77 78 80 81 82 85 88 
83 3 4 6 11 17 20 21 23 25 26 30 31 32 35 36 37 41 47 51 54 56 57 58 60 61 62 63 64 65 66 68 70 74 76 77 83 84 85 
30 5 8 10 11 12 15 18 20 22 26 29 31 34 35 39 42 43 44 46 49 52 53 56 59 60 61 62 65 70 73 74 79 80 81 82 84 86 87 
85 1 2 9 14 15 16 17 19 21 25 26 29 30 32 33 35 38 40 42 45 46 47 48 51 53 56 58 64 67 70 71 74 75 76 77 78 79 83 86 88 90 
11 6 7 10 19 20 22 24 29 30 31 32 37 48 49 50 54 56 58 62 63 64 67 75 76 78 80 84 87 89 
18 2 4 6 11 14 17 18 19 21 22 23 24 29 30 33 36 37 38 39 40 42 44 51 55 56 65 66 70 71 73 76 77 85 87 
64 3 5 7 8 12 13 14 20 21 28 32 33 34 35 38 43 45 46 47 48 51 52 56 60 61 62 63 67 80 81 82 84 87 88 89 90 
33 3 5 6 7 9 12 13 15 27 32 34 40 49 52 53 54 55 56 61 64 69 71 72 76 81 83 85 87 89 
27 4 5 6 7 9 14 16 17 20 21 23 24 25 26 30 31 37 38 43 47 49 50 52 53 55 56 63 65 67 68 74 78 80 81 86 87 89 90 
77 1 2 3 4 6 8 10 13 14 18 19 20 22 24 25 26 29 36 38 40 46 47 51 54 55 56 59 60 61 64 65 66 68 71 79 87 
28 3 6 7 16 17 18 22 23 25 29 35 39 40 42 46 47 51 53 54 55 56 58 64 65 66 68 72 85 86 
32 2 7 9 12 14 19 20 22 24 25 27 28 33 34 36 38 40 46 47 50 51 56 59 60 62 68 72 78 87 89 90 
90 2 8 10 12 13 14 15 16 17 18 24 26 27 32 35 38 39 40 47 52 56 59 61 64 65 67 68 71 72 74 77 81 83 84 86 87 88 
10 1 2 5 7 8 11 13 18 21 23 27 28 32 37 42 43 44 45 49 50 51 55 56 57 58 59 61 62 65 67 73 74 78 79 81 82 84 85 87 88 
38 5 6 10 15 20 22 23 24 27 31 33 36 37 39 42 48 50 52 54 55 56 60 63 64 67 68 71 72 76 82 86 87 88 89 
42 2 3 5 6 9 11 15 20 22 26 30 32 35 41 42 43 51 52 53 55 56 60 63 66 71 72 76 78 81 83 
93 2 8 10 11 12 16 22 25 26 29 34 35 41 46 49 50 54 55 56 57 59 64 65 67 72 73 74 76 77 79 80 82 83 84 85 87 90 
83 1 7 16 18 19 24 26 27 29 30 32 33 39 43 44 45 46 49 50 52 56 59 60 61 63 65 66 69 70 78 82 84 85 86 88 89 
21 1 2 3 7 9 18 19 21 23 26 31 33 35 38 43 45 51 52 54 56 57 60 63 66 68 73 75 76 80 82 89 90 
60 2 6 8 10 11 12 13 16 17 20 24 26 28 30 31 32 33 41 42 44 47 49 54 56 59 60 61 62 66 67 69 70 72 76 78 87 89 
98 1 3 5 6 7 8 13 15 17 18 19 22 36 37 40 42 43 44 51 53 54 56 57 62 66 67 69 73 75 77 78 79 80 81 82 86 89 
77 2 4 6 7 10 12 13 16 19 23 24 26 31 34 35 36 40 41 46 53 54 56 63 65 67 68 70 75 79 84 87 88 
39 3 4 8 9 10 12 13 14 16 17 19 23 27 29 34 36 38 39 41 45 47 48 49 51 55 56 61 62 64 65 78 79 80 84 86 87 90 
22 3 6 7 8 10 11 12 13 14 15 18 20 21 23 26 34 38 40 41 49 52 54 55 56 61 69 71 72 78 79 80 83 85 
21 1 4 7 8 9 10 11 16 17 19 21 24 27 34 38 39 43 47 48 51 52 55 56 57 58 59 63 66 67 69 71 72 73 75 79 84 86 87 88 90 
10 3 6 8 9 11 13 16 19 23 24 27 30 31 32 37 38 42 56 57 58 59 60 62 63 64 65 68 70 76 77 78 86 90 
58 1 3 6 8 12 14 15 16 19 22 24 27 29 30 31 32 33 40 43 45 53 56 59 62 63 67 75 76 77 78 79 80 81 86 87 89 90 
82 3 4 5 8 9 10 14 15 19 24 25 27 35 43 45 50 56 69 73 75 77 78 81 83 84 87 88 
19 1 2 3 6 12 16 19 20 21 23 25 28 29 34 37 38 40 43 44 56 57 63 64 67 69 70 72 74 75 78 82 86 87 90 
83 3 5 8 9 10 11 12 19 20 25 29 32 34 35 37 38 48 52 55 56 62 64 68 70 72 73 74 75 76 77 78 86 88 90 
57 2 4 6 8 9 11 15 16 20 22 24 26 27 30 31 32 34 36 39 41 43 45 52 54 56 61 62 64 65 67 69 73 76 82 85 89 
46 1 4 7 8 10 12 14 15 17 18 20 23 27 28 29 33 35 36 38 39 44 45 50 51 54 55 56 57 64 66 68 73 75 77 80 82 84 87 88 89 
44 1 2 6 9 10 15 16 17 19 20 21 23 24 28 29 31 36 41 42 47 56 57 67 68 70 74 78 83 85 86 88 
37 5 10 13 17 20 21 22 25 28 30 31 35 37 39 40 41 42 44 51 52 56 61 62 63 64 65 67 69 70 72 74 75 79 81 82 83 84 85 86 87 
62 4 6 16 17 18 19 26 28 29 30 31 34 35 36 37 43 44 45 50 52 56 57 58 60 64 65 66 67 69 70 72 74 79 81 86 90 
14 1 2 3 4 5 6 7 8 9 10 11 12 13 14 15 16 17 18 19 20 21 22 23 24 25 26 27 28 29 30 31 32 33 34 35 36 37 38 39 40 41 42 43 44 45 46 47 48 49 50 51 52 53 54 55 57 58 59 60 61 62 63 64 65 66 67 68 69 70 71 72 73 74 75 76 77 78 79 80 81 82 83 84 85 86 87 88 89 90 
28 4 5 7 8 11 13 14 15 16 21 22 34 37 39 41 45 46 49 52 53 55 56 59 61 65 67 71 73 75 76 77 79 80 81 82 87 
94 2 3 7 9 10 11 15 17 19 20 22 24 25 31 34 45 46 55 56 59 62 64 68 74 79 81 83 89 90 
16 2 5 6 13 14 16 18 23 30 32 33 34 37 38 40 45 46 47 56 57 58 63 65 66 67 69 71 72 76 78 79 81 85 87 88 
23 2 4 5 7 9 11 16 17 18 21 22 23 27 30 32 35 36 38 39 40 46 55 56 62 68 74 76 77 78 80 81 84 85 89 
91 1 3 7 10 11 13 19 22 23 27 28 30 33 34 38 40 43 44 51 54 56 57 64 65 66 67 69 70 71 76 77 81 82 85 89 90 
81 2 4 12 21 22 23 25 27 32 34 40 41 43 46 47 50 51 54 56 58 60 63 64 67 68 69 70 71 74 76 77 78 79 80 84 86 87 89 
84 2 3 11 12 14 17 18 20 22 25 27 29 35 36 38 39 42 45 46 47 49 54 56 59 62 65 67 69 70 71 72 73 75 78 81 85 88 
28 2 3 7 9 10 11 18 22 24 25 28 30 31 33 35 37 43 46 49 50 51 52 54 55 56 58 61 62 65 68 71 76 80 82 84 85 89 
42 5 7 10 14 16 20 21 22 23 26 29 30 31 33 34 37 38 42 43 46 51 54 55 56 57 59 61 63 64 66 68 71 73 74 76 78 80 84 86 88 89 
99 1 5 12 13 14 15 16 22 26 30 31 36 38 39 40 41 45 52 55 56 59 61 65 70 73 78 80 81 
97 1 7 20 24 25 27 29 33 34 35 37 40 41 42 45 47 49 51 53 54 55 56 57 59 61 62 63 71 78 79 81 88 
10 4 10 12 13 14 18 22 29 30 31 32 33 35 39 42 46 50 52 53 56 58 60 62 64 65 70 71 73 75 76 78 82 86 88 89 
65 3 4 9 16 17 28 38 40 41 44 45 48 49 51 54 55 56 59 61 62 63 70 71 75 82 85 86 87 
78 4 5 8 10 12 22 23 24 26 38 40 42 46 49 50 53 54 55 56 61 62 63 66 68 69 73 76 78 79 83 84 85 86 88 
10 2 3 8 10 11 13 15 17 21 24 26 28 30 33 35 36 44 45 56 57 59 61 62 63 64 65 67 68 69 74 75 77 78 79 84 
63 1 5 7 8 10 13 20 28 31 32 33 35 36 37 40 44 45 49 50 54 55 56 59 63 74 75 76 77 78 80 82 84 85 89 
18 3 6 9 19 21 23 26 34 37 39 41 45 48 50 51 52 56 57 63 65 66 68 70 74 76 78 79 82 83 84 87 
49 4 9 14 16 19 22 23 24 29 33 34 37 49 50 53 54 55 56 58 60 62 65 71 72 73 76 77 79 81 84 85 88 90 
42 5 8 12 15 17 21 24 25 39 41 42 45 47 48 49 50 52 54 56 57 63 68 69 71 72 77 85 
54 1 3 4 6 9 12 13 15 17 20 21 22 24 25 26 28 35 36 37 39 40 46 47 50 51 56 57 59 60 61 62 64 65 68 70 72 73 74 78 81 84 86 87 89 
34 3 9 14 15 16 21 22 24 26 33 37 41 46 47 48 50 52 56 57 60 61 62 71 72 74 75 79 80 83 85 87 88 
86 1 3 4 5 10 14 15 17 19 21 24 25 29 32 34 36 38 40 41 43 44 46 47 48 49 50 53 56 59 60 62 63 65 66 67 68 70 71 72 73 76 79 83 84 85 86 88 89 90 
81 5 9 10 12 13 14 15 16 17 18 19 23 24 30 34 37 41 42 43 44 45 47 54 55 56 57 58 59 62 67 70 71 73 74 77 78 83 89 90 
56 1 3 9 13 14 21 23 25 27 29 37 39 41 43 44 47 52 56 57 60 62 64 65 66 72 77 84 85 89 
18 6 13 21 23 27 28 29 33 34 36 41 47 48 54 55 56 57 58 59 60 61 63 66 67 74 76 83 87 
16 1 5 7 8 19 21 23 27 34 35 37 38 39 41 49 51 52 54 56 57 61 64 68 69 72 73 88 90 
50 2 4 5 6 7 8 9 10 14 15 16 17 22 24 28 33 36 37 44 48 53 54 56 58 70 73 77 78 79 81 85 88 
54 1 7 9 12 13 16 18 19 22 23 25 27 33 34 37 38 42 43 45 48 52 54 56 60 62 64 65 70 71 72 73 74 76 78 80 85 87 88 90 
80 1 3 9 11 14 16 19 20 21 22 26 28 31 34 37 38 44 51 53 54 56 59 60 61 63 64 69 70 72 74 75 77 78 80 83 84 89 
11 1 8 10 14 17 18 19 23 24 29 31 33 35 38 41 43 45 46 47 49 50 53 54 55 56 62 65 68 69 70 76 78 88 
59 1 13 20 23 25 26 27 28 29 30 32 33 34 35 37 40 42 43 45 47 48 49 52 54 56 57 59 62 69 73 76 77 81 84 
36 2 5 8 9 14 16 17 19 20 21 24 27 33 34 35 38 42 45 48 50 52 53 56 59 63 65 67 68 70 74 77 78 82 83 84 86 90 
51 1 7 10 11 18 19 20 25 27 28 29 32 35 38 39 40 41 47 51 52 56 58 60 61 62 64 65 68 72 76 78 79 80 85 90 
28 1 4 5 12 15 16 18 19 24 27 29 32 37 39 43 45 46 47 49 50 55 56 58 61 74 78 79 82 84 88 89 
95
46 2 3 4 5 7 11 12 19 25 27 28 29 32 36 38 40 44 46 47 48 58 59 61 62 64 65 68 70 73 75 77 84 87 88 93 
90 1 14 17 19 21 23 24 25 26 28 29 32 33 34 37 38 40 41 43 46 47 48 49 50 51 54 55 57 61 64 66 67 69 71 72 74 76 77 79 87 88 89 95 
70 1 6 14 15 16 17 19 26 30 32 34 36 38 39 43 44 46 48 50 51 52 53 56 61 62 63 64 65 66 70 71 72 74 75 83 85 91 92 93 94 
13 1 7 8 11 13 16 19 20 22 27 32 34 35 38 43 45 46 47 50 51 55 59 60 62 64 65 68 78 80 83 84 85 86 88 
67 1 7 9 10 14 16 20 21 22 26 27 31 35 37 38 41 43 45 48 50 51 54 58 59 61 62 63 66 68 72 74 77 79 80 82 86 87 90 94 
81 3 10 11 16 17 20 22 26 29 30 34 35 37 38 40 42 43 45 51 54 57 61 62 67 71 72 73 74 75 76 78 79 81 84 86 87 89 91 95 
66 1 4 5 9 11 15 22 26 31 33 36 38 40 43 45 47 51 54 59 65 68 69 70 72 74 75 76 78 81 82 85 86 87 88 91 95 
74 4 11 14 21 23 27 28 29 31 32 37 38 41 43 46 47 52 54 56 57 59 64 66 70 71 74 75 78 79 81 82 83 87 93 
82 5 7 11 15 16 17 20 21 23 27 31 32 34 35 36 38 41 47 48 51 52 53 59 64 65 66 69 70 76 79 80 82 86 87 89 90 91 
45 5 6 12 16 18 19 21 22 24 25 27 29 37 38 41 42 43 55 57 59 66 72 76 79 80 82 86 87 90 91 94 
14 1 4 6 7 8 9 17 22 24 25 26 28 31 35 38 39 40 41 47 51 54 57 58 62 63 65 67 69 71 75 78 79 80 81 90 91 92 94 
56 1 10 13 14 16 17 18 23 24 25 29 32 37 38 40 43 46 47 49 53 58 60 61 62 64 68 70 71 79 82 85 86 87 89 90 93 
75 4 12 16 17 19 21 24 27 28 29 30 31 37 38 39 40 41 42 48 50 51 53 54 55 57 58 62 63 69 77 78 80 82 87 92 94 95 
43 2 3 5 8 12 18 20 21 23 24 29 30 33 37 38 40 42 46 52 53 56 58 59 62 68 71 72 76 82 83 87 88 90 
19 3 7 9 18 19 20 21 22 23 25 28 34 37 38 40 48 49 50 51 55 56 61 62 63 65 66 67 68 72 73 74 77 79 80 85 86 89 92 94 
93 3 4 5 6 9 10 12 13 17 21 22 25 26 28 30 32 35 36 38 40 43 45 47 48 51 54 60 63 65 72 73 74 78 79 80 82 84 86 87 91 94 
69 2 3 6 9 11 12 13 16 19 20 21 25 26 27 32 34 35 37 38 39 41 42 43 45 46 48 52 58 62 64 65 67 68 70 76 78 81 83 87 93 94 
22 10 12 14 15 23 24 27 31 32 33 36 38 39 41 42 43 50 55 56 57 58 61 63 65 66 69 70 71 74 77 78 80 82 83 88 89 91 92 94 
49 1 2 3 4 10 13 15 17 22 25 27 32 36 37 38 41 45 47 48 53 61 63 64 66 67 69 75 80 82 83 93 95 
98 4 5 6 9 14 15 17 21 22 27 29 30 32 34 38 39 43 44 45 49 50 52 57 60 63 64 65 68 71 72 74 77 79 80 83 89 90 93 95 
66 2 5 8 9 10 13 14 15 16 17 20 26 27 28 32 35 37 38 40 41 42 46 48 49 52 55 58 65 66 67 71 73 74 75 81 84 85 87 95 
92 4 5 6 7 10 11 15 16 19 20 26 28 30 31 33 35 36 37 38 39 44 45 54 58 60 61 63 65 71 72 73 75 82 83 85 87 90 92 93 94 
10 2 8 9 12 14 15 18 25 30 31 34 36 37 38 40 43 44 48 50 51 52 55 57 62 64 65 67 70 75 76 78 80 81 83 87 93 
74 2 10 11 12 13 14 18 25 27 30 33 34 38 39 40 41 43 44 45 48 49 50 51 53 55 58 64 66 68 69 71 75 76 79 81 84 87 88 91 
28 1 2 10 11 12 15 16 17 19 23 24 27 29 32 38 40 43 47 48 50 51 52 55 61 62 65 70 72 80 81 82 83 84 85 86 88 95 
66 2 3 5 6 7 11 16 17 21 22 27 28 30 34 38 39 40 43 45 47 49 50 51 57 60 62 65 67 69 72 73 75 77 79 81 91 93 94 95 
29 1 4 5 8 9 10 13 17 18 19 20 21 24 25 26 28 29 33 34 36 38 39 40 44 45 47 48 49 50 52 56 60 63 65 67 72 76 77 80 84 85 87 89 91 94 
61 1 2 8 11 13 15 16 21 22 26 27 32 33 34 38 40 43 45 46 49 54 57 58 59 60 61 65 66 67 71 76 80 84 85 86 88 89 90 93 94 95 
51 1 2 6 8 10 12 13 14 20 25 27 32 33 36 37 38 40 41 44 47 51 54 55 57 58 59 60 62 64 66 67 70 73 76 77 79 80 82 83 84 89 91 
63 3 6 13 14 16 20 22 23 24 26 31 33 35 37 38 43 44 45 47 48 49 51 54 57 58 59 63 78 79 80 83 85 88 92 
64 5 7 8 9 11 13 18 22 23 30 32 35 38 39 41 43 44 46 47 48 52 55 60 62 66 67 75 76 77 82 86 87 90 92 
55 1 2 3 4 8 9 12 16 17 18 19 20 21 25 28 29 31 34 36 37 38 39 46 49 50 52 54 55 56 58 67 69 71 73 76 79 80 86 87 88 89 91 
54 2 7 14 18 22 24 27 28 29 30 35 37 38 44 46 47 48 49 53 54 57 59 61 62 64 65 70 78 80 83 85 89 90 92 93 95 
38 2 3 4 6 9 15 17 20 23 24 26 27 28 32 36 38 41 43 46 47 49 56 57 58 62 63 64 66 67 72 73 77 80 89 90 
63 4 5 6 9 11 16 17 21 22 30 31 33 38 39 44 51 53 54 62 64 65 66 67 69 70 71 73 74 75 77 81 84 90 92 95 
83 1 3 7 9 16 18 19 22 23 27 29 32 34 38 39 40 45 50 52 53 55 56 60 61 64 66 70 73 76 77 81 82 84 89 90 91 92 93 
29 2 5 6 8 10 12 13 14 15 17 19 21 22 23 29 30 32 33 38 40 41 44 45 46 48 49 52 53 57 59 60 61 64 70 72 77 78 84 85 90 93 94 95 
33 1 2 3 4 5 6 7 8 9 10 11 12 13 14 15 16 17 18 19 20 21 22 23 24 25 26 27 28 29 30 31 32 33 34 35 36 37 39 40 41 42 43 44 45 46 47 48 49 50 51 52 53 54 55 56 57 58 59 60 61 62 63 64 65 66 67 68 69 70 71 72 73 74 75 76 77 78 79 80 81 82 83 84 85 86 87 88 89 90 91 92 93 94 95 
86 3 11 13 17 18 20 22 24 26 27 31 32 35 36 38 42 43 45 46 48 50 51 54 61 62 65 67 68 70 81 84 87 88 
40 1 2 6 7 11 12 13 14 15 16 21 23 24 25 26 27 28 29 36 37 38 41 42 43 46 49 51 57 58 59 61 62 63 64 65 69 70 73 75 77 79 82 83 89 90 92 
46 2 5 8 9 10 11 13 17 18 19 21 24 29 31 34 37 38 40 42 44 46 52 55 60 63 67 69 71 73 75 76 77 79 90 93 94 95 
79 6 10 13 14 17 18 21 38 39 40 41 43 44 49 53 56 57 58 60 61 62 63 64 66 68 71 73 78 80 85 86 87 89 95 
20 2 3 4 5 6 7 8 10 12 16 17 18 20 23 24 25 26 28 30 31 34 38 39 40 42 44 45 46 48 50 52 53 54 55 63 64 66 72 75 83 86 89 91 93 95 
66 1 3 20 22 23 24 27 29 30 31 33 35 37 38 41 42 43 47 49 50 52 53 64 65 68 69 75 81 86 89 90 93 94 
73 4 5 6 7 16 17 19 20 22 24 26 27 28 30 36 37 38 39 43 47 48 49 54 59 60 62 65 67 70 71 72 74 76 77 80 82 86 88 94 95 
25 1 2 3 4 8 12 14 17 21 28 31 32 33 34 37 38 39 40 41 43 47 49 50 54 55 59 62 64 65 66 67 68 70 71 79 86 87 89 
38 1 2 4 7 8 9 11 12 16 19 25 26 27 29 30 31 33 34 38 44 45 46 53 54 55 57 60 61 62 72 73 80 81 82 83 85 89 92 95 
16 1 2 3 5 9 13 15 16 17 19 21 23 24 25 27 30 31 33 37 38 39 43 45 49 50 51 52 54 59 62 64 67 71 72 73 77 82 85 87 89 
36 2 12 15 20 21 24 26 27 28 30 32 33 34 37 38 40 42 44 45 46 48 52 56 58 59 61 62 65 68 70 75 78 86 89 92 93 94 
40 2 3 4 5 13 15 18 20 23 24 25 26 27 32 36 38 39 43 44 46 48 51 52 53 54 61 62 65 67 69 70 73 74 75 80 82 90 93 95 
50 2 3 4 5 6 7 9 11 13 15 16 23 24 25 26 29 30 35 38 39 40 48 50 52 54 62 64 67 68 71 77 79 81 82 83 84 85 87 89 90 
73 3 8 9 14 17 20 21 23 25 27 31 32 36 37 38 41 43 44 48 49 50 51 53 54 55 56 62 63 64 65 66 67 69 70 75 79 82 83 85 87 92 93 
26 3 9 12 13 14 19 24 33 35 36 37 38 42 43 44 47 50 52 57 60 63 67 83 84 86 90 
88 2 5 6 7 8 11 13 16 22 28 29 30 32 33 35 38 39 43 45 46 47 48 50 51 52 60 62 64 65 66 67 72 80 81 87 91 94 
35 2 4 10 13 15 18 21 23 24 25 29 31 32 36 38 41 43 46 47 52 58 60 64 65 71 79 83 86 87 89 90 91 95 
37 3 8 14 15 18 27 32 34 36 38 42 49 52 57 61 63 67 71 75 78 84 88 90 92 
51 2 6 8 10 11 13 18 20 23 26 28 29 30 33 34 37 38 40 42 47 53 56 59 60 67 69 70 71 78 83 84 85 86 87 90 
49 1 5 11 12 13 14 17 18 21 22 24 28 29 30 32 34 38 40 42 49 55 59 60 64 67 68 69 70 71 74 75 87 89 90 
30 1 4 5 7 8 9 10 14 28 29 30 33 37 38 40 45 46 48 49 57 58 60 69 70 74 77 81 83 84 87 88 90 91 
18 4 12 16 20 22 26 27 28 29 31 36 37 38 41 42 45 47 53 54 55 57 58 59 61 62 64 74 76 78 82 93 94 
99 1 2 3 5 6 12 15 18 19 22 25 28 33 36 37 38 39 40 42 47 49 50 56 60 62 63 64 65 67 68 69 70 72 83 86 87 91 95 
77 1 3 4 5 6 11 12 13 14 15 17 23 25 26 29 31 33 34 35 38 39 40 42 45 46 47 48 49 50 51 52 54 60 61 63 64 65 67 72 73 74 76 77 81 85 89 90 92 93 94 
76 3 5 11 13 15 16 18 19 20 22 27 30 34 38 40 41 42 43 52 53 56 61 62 66 78 80 84 85 88 89 90 92 
17 1 2 3 4 8 9 12 17 19 20 23 24 29 33 34 35 36 37 38 40 42 43 44 46 48 51 52 54 55 58 60 61 62 67 69 71 74 75 77 78 80 82 87 88 89 91 92 94 95 
78 1 3 4 7 9 11 15 16 17 18 20 21 22 23 25 26 27 28 33 35 38 39 40 44 45 46 49 50 52 54 55 61 62 68 69 70 71 76 77 79 83 84 86 87 90 92 95 
11 2 3 5 8 9 10 15 18 19 21 24 28 29 31 34 35 36 38 42 43 46 52 54 63 69 70 71 73 75 76 78 80 81 82 83 86 87 89 94 95 
72 2 6 11 15 17 19 21 23 26 27 28 29 31 32 34 35 38 39 41 45 46 48 50 51 52 53 54 56 57 58 61 62 64 68 70 72 74 76 77 78 84 89 94 95 
22 1 4 5 7 12 14 15 17 20 24 38 39 42 44 46 49 51 58 61 65 67 69 70 71 75 76 78 80 81 82 84 88 92 94 95 
66 2 7 9 11 13 18 19 24 26 32 35 38 40 41 44 50 52 57 58 59 61 64 65 66 68 71 73 74 75 78 81 84 88 89 91 92 93 94 
88 1 3 7 8 9 12 17 18 23 25 29 33 35 36 37 38 39 40 45 46 49 50 52 57 58 59 61 65 66 67 68 74 76 78 79 84 93 
40 2 3 6 8 11 12 14 18 20 21 22 24 28 32 35 38 41 42 45 46 48 51 55 56 57 58 64 65 66 68 69 72 73 74 78 79 80 82 83 92 
43 2 3 5 6 7 10 14 15 16 20 22 25 26 27 34 37 38 43 45 47 48 54 61 62 67 71 73 75 80 83 85 88 93 94 
14 1 6 15 16 21 22 26 29 32 34 35 36 38 40 41 42 47 48 50 62 66 69 71 72 77 78 80 87 88 93 94 
97 2 3 5 6 7 8 15 16 18 20 21 35 38 45 50 58 59 60 62 64 67 69 70 71 75 78 79 80 81 89 91 92 93 95 
61 1 3 6 7 8 11 19 21 22 23 24 26 31 35 38 40 41 43 44 49 50 52 56 58 64 66 68 69 72 74 77 78 84 86 87 88 92 
87 2 6 7 9 10 14 17 23 24 27 28 29 31 32 36 38 41 45 60 62 65 66 67 68 70 77 79 82 90 95 
90 1 2 5 13 15 18 20 26 27 29 31 34 35 36 37 38 40 41 45 48 51 59 62 64 65 67 73 75 76 78 82 84 89 92 93 95 
94 4 6 7 8 11 13 16 17 18 23 30 33 37 38 42 49 56 57 60 63 64 66 67 68 69 70 71 73 74 75 77 79 84 86 90 
68 2 5 6 8 9 10 11 12 15 16 20 24 26 29 30 32 38 40 41 46 51 52 55 65 70 71 74 76 78 80 82 84 85 87 91 94 
14 4 5 9 10 11 13 15 16 18 19 20 23 25 27 28 29 30 32 33 34 38 42 45 47 50 54 63 64 66 68 71 72 73 74 79 82 83 86 90 91 94 
20 6 7 8 11 17 21 23 24 25 26 35 36 38 39 44 47 51 54 59 62 66 68 69 74 82 83 87 88 91 
48 5 7 8 9 10 12 13 14 16 18 19 22 25 29 31 36 38 40 45 47 48 50 51 52 60 64 66 68 71 76 77 79 80 81 84 85 88 89 91 93 94 
35 3 4 8 14 17 18 19 20 22 23 25 29 30 33 38 40 43 47 51 52 53 55 57 59 61 65 66 71 72 80 81 87 88 91 93 94 
72 1 4 6 16 21 24 25 27 28 29 35 36 37 38 39 51 53 56 57 59 63 65 67 68 69 70 75 77 78 79 82 87 90 91 94 
30 3 4 7 12 15 21 22 25 27 28 30 33 37 38 42 47 48 51 52 57 62 63 72 79 82 88 89 93 95 
59 4 5 6 7 9 10 12 15 16 25 28 31 32 38 42 43 44 45 46 49 53 55 57 61 65 66 75 78 80 87 88 92 95 
16 1 2 5 6 7 8 9 10 12 13 14 16 17 21 22 23 24 27 31 32 38 39 42 46 48 51 52 54 55 57 58 59 61 64 65 66 73 75 79 81 83 84 86 89 92 95 
76 1 2 4 7 14 18 24 25 28 30 32 38 39 45 56 59 63 64 68 69 72 73 75 81 82 83 85 86 89 90 91 92 
48 2 6 9 12 15 18 20 27 28 29 32 33 34 36 38 40 42 43 44 46 47 48 49 51 55 58 62 63 64 66 67 69 74 77 82 85 87 88 90 91 95 
36 5 9 10 11 12 14 20 22 28 31 33 34 35 36 37 38 40 41 44 50 51 53 55 56 57 58 59 62 63 65 76 78 80 84 88 89 93 95 
41 3 6 7 9 10 11 16 18 24 26 27 29 32 36 38 43 54 55 59 61 64 69 74 79 80 81 82 83 84 88 89 95 
95 3 11 13 15 18 22 30 31 33 35 36 38 40 47 49 52 56 62 63 64 65 68 69 71 74 75 77 86 87 88 93 95 
43 1 3 8 12 17 19 20 22 23 26 28 33 36 37 38 41 43 44 49 50 52 60 62 69 70 72 73 74 77 82 83 85 90 92 95 
13 3 5 10 11 13 15 16 17 18 22 26 27 28 37 38 41 44 45 49 54 60 62 64 66 67 68 69 72 73 79 80 82 83 84 95 
50 2 6 7 13 19 20 21 25 26 28 33 35 37 38 41 42 43 45 47 50 55 61 64 65 66 67 68 74 76 77 85 86 87 89 90 91 92 93 94 
100
46 6 8 13 14 15 17 25 30 33 35 37 38 39 42 44 45 48 51 52 55 58 59 60 61 65 70 74 78 79 80 81 85 88 91 94 95 96 100 
11 3 4 6 9 10 14 15 21 22 24 30 31 34 36 37 40 43 44 46 49 50 51 52 55 57 59 60 62 63 65 68 72 75 78 79 81 84 85 87 93 94 95 96 100 
83 2 6 9 21 23 25 29 30 31 32 35 39 41 46 55 56 57 58 59 60 65 66 67 70 71 73 76 81 85 86 89 94 95 98 99 
99 2 5 7 8 10 12 14 17 18 20 21 22 27 30 34 35 39 40 47 48 49 51 54 59 61 64 67 68 69 70 75 78 79 80 81 82 85 89 93 96 99 
33 4 7 8 9 10 11 12 17 24 27 28 29 32 33 34 35 41 48 56 57 63 64 65 66 71 72 74 78 81 84 86 88 89 96 97 100 
76 1 2 3 7 10 12 13 14 19 20 26 27 28 30 31 38 40 41 42 44 45 49 50 51 52 55 59 62 64 68 69 70 72 74 77 78 81 83 85 88 89 90 92 95 100 
36 4 5 6 8 11 14 17 20 23 31 32 35 36 38 41 44 45 50 52 55 57 60 62 64 69 71 73 81 86 88 89 93 98 99 100 
90 1 4 5 7 9 12 15 17 19 22 28 29 30 32 34 36 39 40 46 51 52 53 54 56 57 60 62 63 64 66 69 72 73 74 75 78 79 81 82 83 84 88 89 90 96 97 99 100 
28 2 3 5 8 10 14 20 21 23 26 28 30 31 33 37 38 39 40 42 45 50 54 56 57 58 62 63 64 66 69 70 77 78 81 82 88 93 100 
64 2 4 5 6 9 13 14 19 20 21 22 23 26 27 29 30 31 32 34 37 39 40 42 44 50 51 53 59 61 64 65 67 69 70 71 74 75 80 81 83 88 89 91 94 96 100 
81 5 7 12 13 14 18 23 25 26 27 28 30 33 35 43 49 50 54 55 58 61 64 71 74 80 81 86 92 93 94 96 
34 4 5 6 8 11 13 21 22 24 25 28 29 30 31 32 34 38 40 41 42 43 48 49 53 54 55 56 60 63 64 66 69 77 78 79 81 83 86 88 89 90 91 93 95 
92 1 6 10 11 12 16 17 18 19 25 26 27 29 33 34 35 41 42 43 47 51 53 58 60 66 67 70 73 74 78 79 80 81 82 87 88 89 91 93 96 97 100 
47 1 2 4 6 7 9 10 11 19 24 27 28 29 33 35 37 39 40 43 44 45 49 53 55 57 62 64 68 70 76 79 81 82 87 88 93 95 98 99 
54 1 2 8 19 22 28 29 31 33 34 37 41 42 43 46 47 49 50 52 54 55 59 65 67 69 70 74 77 79 80 81 84 87 88 89 91 97 99 100 
62 13 17 18 19 21 22 23 24 26 37 41 43 45 47 49 51 55 62 72 75 77 80 81 85 87 94 95 
72 1 4 5 7 8 13 16 20 26 28 29 32 39 43 44 48 49 50 51 53 55 57 58 60 63 64 66 68 69 77 78 79 81 89 91 94 95 98 100 
17 4 11 13 16 23 24 25 26 28 32 33 34 35 37 40 44 48 49 52 53 54 56 66 72 74 75 79 81 82 83 84 86 91 93 95 96 97 
29 6 8 10 13 14 15 16 20 21 23 26 27 29 34 36 38 40 41 42 44 48 49 50 51 53 54 56 58 62 67 70 71 72 75 78 80 81 82 83 85 86 93 97 98 99 100 
54 4 6 7 9 10 17 19 25 27 29 31 33 34 36 39 40 41 47 49 52 56 58 59 61 66 68 72 73 76 78 79 81 83 94 95 96 99 100 
31 2 3 4 9 10 12 16 19 24 25 26 27 28 29 30 33 37 43 44 45 47 50 52 53 54 55 60 64 70 71 73 75 78 81 82 90 91 92 98 100 
72 2 4 8 10 12 15 16 24 25 29 31 36 39 50 51 55 56 57 58 60 64 66 68 70 73 81 83 84 85 86 89 90 95 97 
84 3 7 9 10 11 16 18 19 24 29 30 35 42 46 48 52 53 56 57 58 63 64 66 67 68 69 70 72 80 81 87 91 94 96 98 99 
83 2 5 12 14 16 18 21 22 23 28 32 33 36 37 38 39 40 42 43 44 54 56 57 58 60 66 71 73 75 76 78 80 81 83 90 95 97 100 
39 1 3 11 12 13 18 20 21 22 27 30 31 32 36 38 41 42 43 45 48 50 53 55 57 59 62 66 68 71 74 75 76 77 81 82 83 86 89 91 92 95 96 98 99 100 
62 6 9 10 11 13 16 17 18 19 21 28 30 31 32 34 35 36 37 38 42 50 53 55 56 61 62 64 65 69 70 71 72 74 77 79 81 86 93 95 97 
92 4 5 6 10 11 13 14 19 20 21 25 29 31 33 35 37 46 47 48 50 52 53 54 55 56 62 68 69 71 72 74 75 76 77 78 81 85 90 91 92 93 95 96 99 
48 5 6 8 9 11 12 14 15 17 18 21 24 26 32 35 36 37 38 39 40 42 45 47 49 50 51 52 57 58 59 60 61 62 63 66 70 72 78 80 81 85 88 94 97 100 
49 3 5 8 10 12 13 14 15 17 19 20 21 22 23 27 32 35 37 41 42 44 52 54 56 57 59 61 63 65 66 72 76 77 78 80 81 82 85 90 92 95 
11 1 2 3 4 6 8 9 10 11 12 21 23 25 26 32 36 38 41 45 51 57 59 61 62 66 67 69 70 73 81 84 88 91 94 
39 2 3 6 7 9 10 12 15 20 22 25 26 27 33 38 41 43 46 50 51 52 54 59 67 70 73 74 75 81 84 86 87 88 94 98 99 
28 3 5 7 8 10 12 17 18 24 25 26 28 29 30 33 34 35 36 38 39 40 42 46 47 53 56 57 60 61 63 65 68 69 70 73 75 76 79 81 82 84 87 88 89 91 99 
11 1 5 9 11 13 14 15 18 20 21 24 27 31 32 36 38 41 44 47 50 51 54 55 62 66 67 71 73 78 80 81 86 87 90 91 93 94 97 99 100 
43 2 4 5 8 10 12 13 15 18 19 20 26 32 35 43 44 46 50 52 53 62 63 64 68 70 71 72 73 78 79 80 81 83 86 88 92 96 
43 1 3 4 5 7 11 13 14 18 23 26 27 28 29 32 34 43 45 47 48 52 54 55 58 60 64 65 66 70 71 72 74 76 78 80 81 82 83 90 93 95 99 
32 2 7 8 19 20 22 24 25 26 28 30 32 33 38 41 47 50 51 52 60 62 67 71 75 81 82 84 85 86 87 88 89 91 92 98 100 
78 1 2 9 10 14 15 16 18 21 24 26 27 28 29 39 41 45 46 49 53 61 62 64 67 68 69 71 72 73 75 77 78 79 81 85 86 87 88 89 92 93 95 
94 1 6 7 9 12 19 24 25 26 28 30 31 32 33 36 39 42 43 44 45 46 52 53 54 55 59 60 61 62 64 65 72 73 74 76 77 78 80 81 84 87 88 90 92 96 
62 1 3 4 8 9 10 14 17 20 22 24 28 32 37 38 40 41 45 48 50 53 54 55 58 61 64 68 69 70 77 79 80 81 82 83 84 86 87 88 90 91 92 94 
22 2 4 6 8 9 10 12 14 18 19 20 24 28 32 39 41 42 43 44 49 51 52 53 55 58 60 64 69 72 75 76 77 80 81 82 85 86 87 89 96 98 99 100 
10 3 5 6 7 12 13 15 16 19 20 25 29 30 31 33 36 37 39 40 44 50 52 54 58 60 65 67 70 72 75 77 79 80 81 83 85 86 92 93 96 
85 1 6 9 10 12 13 15 19 23 24 25 26 28 29 32 38 40 43 44 45 49 52 55 56 62 63 66 69 71 72 75 78 81 87 92 93 99 
29 2 11 12 13 14 15 16 17 21 24 25 31 34 35 38 40 42 44 46 51 53 54 55 56 57 58 59 60 63 67 70 71 75 76 79 81 83 85 89 92 94 97 
55 1 2 6 7 10 14 17 18 19 21 24 29 33 34 38 40 41 42 43 49 60 63 66 68 69 77 81 83 84 89 91 94 97 
30 1 6 7 9 14 16 21 25 28 30 35 37 38 39 42 47 52 54 55 56 58 59 60 61 62 64 65 72 76 78 79 81 89 91 96 98 99 
98 2 3 8 15 23 27 31 32 34 37 38 43 47 49 51 55 56 57 58 59 60 64 67 71 74 76 77 80 81 83 92 93 94 96 100 
32 4 13 15 16 20 21 27 28 32 33 35 36 45 46 49 55 56 59 63 71 75 78 79 81 82 83 85 88 90 92 93 95 97 98 99 100 
57 1 4 5 12 17 18 19 23 25 27 35 39 52 53 59 62 64 69 70 71 77 81 85 89 90 92 93 94 98 99 
12 2 4 6 11 12 14 15 16 17 18 19 20 28 37 40 42 44 46 47 55 56 59 62 66 71 75 76 79 81 86 87 88 90 91 92 94 95 
20 2 6 7 9 10 11 15 17 19 21 22 25 26 27 28 31 33 34 36 39 41 51 52 54 55 56 58 62 63 65 67 75 76 81 82 84 87 88 
11 1 2 4 6 8 10 13 16 17 19 22 28 30 31 33 36 40 43 46 50 53 59 60 62 63 65 74 80 81 85 86 91 
77 1 2 6 7 8 15 18 20 21 23 27 28 29 31 34 35 36 38 40 41 42 45 48 50 53 56 60 62 63 65 68 69 75 76 78 81 83 86 90 91 93 94 95 96 97 99 
49 8 10 12 13 14 17 18 19 21 23 25 26 27 32 34 37 38 39 40 43 48 51 52 55 58 60 62 63 64 65 72 78 80 81 82 83 92 96 
73 4 8 9 11 12 15 18 19 21 24 27 29 31 33 35 38 39 41 43 45 50 55 56 58 59 62 64 72 76 80 81 82 83 84 85 91 92 93 95 97 98 
48 1 2 3 6 7 11 12 14 15 16 17 21 22 25 26 27 33 35 38 39 40 42 43 45 46 47 49 50 53 54 56 61 62 64 67 72 76 78 80 81 83 89 91 93 95 99 
78 3 5 8 9 12 18 19 20 22 23 24 26 27 29 32 42 43 45 46 47 49 50 52 54 55 59 68 69 71 72 74 75 76 78 79 80 81 85 90 94 
42 2 3 5 7 8 9 14 17 22 23 24 25 28 29 30 32 43 46 59 60 62 63 66 68 70 75 78 81 83 86 88 91 95 
85 1 3 9 11 13 17 19 20 22 23 24 28 35 39 40 41 43 45 46 50 53 54 63 65 66 71 75 76 77 81 84 88 92 99 
39 1 2 3 4 6 10 15 20 25 28 29 30 31 38 43 45 46 47 48 49 51 54 56 57 60 62 65 66 70 71 72 75 76 79 80 81 88 89 91 92 95 99 
52 1 2 3 7 8 12 13 17 21 22 24 28 32 35 36 38 40 41 43 44 45 46 51 52 53 57 59 66 67 69 72 75 79 81 82 85 89 90 96 99 100 
95 1 4 10 11 20 26 28 29 30 32 37 38 39 45 55 64 65 66 67 68 72 73 74 76 77 80 81 84 89 91 94 96 98 
44 2 6 7 8 9 14 16 19 25 26 27 28 30 33 34 36 37 38 42 45 48 49 50 51 52 53 54 55 57 59 64 71 73 76 80 81 85 88 89 90 91 95 96 100 
77 2 5 8 9 12 17 23 28 29 32 34 42 43 44 47 50 51 52 53 57 58 64 66 67 72 78 79 80 81 83 88 93 100 
57 4 5 6 7 8 9 10 11 12 14 17 21 22 23 26 34 35 37 38 39 40 45 46 48 53 54 55 61 62 63 66 68 69 70 72 75 79 81 82 85 87 89 96 98 
28 1 2 3 5 10 15 26 29 32 35 38 41 45 50 51 52 53 58 59 61 67 68 69 70 73 76 81 82 83 84 86 87 88 89 91 97 98 99 100 
89 3 5 8 9 12 13 17 18 20 22 23 24 25 28 29 30 33 35 42 44 49 57 58 59 60 61 63 64 70 71 73 74 80 81 86 90 91 100 
36 3 4 10 13 15 19 23 30 31 33 36 37 41 43 46 50 55 60 61 63 65 72 73 76 77 81 89 90 91 100 
13 2 4 6 14 17 20 22 23 25 27 32 34 37 39 44 52 56 57 61 64 65 71 73 77 79 80 81 82 83 84 87 91 95 98 99 
86 4 6 7 8 9 10 12 15 17 23 26 27 30 32 37 39 40 42 44 48 52 56 60 64 65 74 81 84 88 93 95 96 97 
47 1 3 4 6 9 10 13 14 15 19 21 22 23 26 28 30 31 32 34 35 39 41 43 48 57 59 64 65 66 71 72 73 76 77 80 81 82 84 87 88 90 91 96 98 
67 3 5 7 10 11 19 21 24 25 26 27 33 34 35 36 37 42 43 46 47 48 49 56 58 59 62 66 68 70 77 78 79 80 81 85 86 92 93 94 95 100 
49 2 5 6 8 16 18 19 20 23 26 27 28 29 34 35 37 38 40 41 42 45 53 54 55 56 59 60 61 63 64 67 70 73 74 77 81 82 87 89 91 92 97 99 
30 3 7 8 13 20 21 22 24 30 31 32 33 34 37 38 61 62 65 66 67 68 70 72 75 76 78 80 81 85 87 90 93 95 98 100 
93 1 5 6 8 10 11 13 15 18 25 26 27 31 35 38 46 51 56 61 66 69 72 77 79 81 83 87 88 92 97 
92 2 4 8 10 16 18 19 21 24 25 27 31 32 36 37 40 41 42 43 47 49 50 52 56 57 58 59 60 64 73 76 77 78 81 86 88 89 90 93 95 97 98 100 
88 3 14 20 24 25 27 29 32 35 38 40 43 45 46 49 50 52 54 55 56 58 59 61 62 65 67 70 73 75 81 86 92 98 100 
64 6 9 12 15 16 17 25 26 27 29 37 38 39 40 41 44 46 48 58 61 67 68 70 71 72 74 75 78 79 81 84 86 87 88 92 97 98 
54 1 2 4 5 6 8 9 12 13 17 19 20 21 24 27 28 29 33 34 35 37 38 42 45 47 52 53 55 56 57 63 71 73 75 77 79 81 83 85 87 93 94 95 98 99 
28 1 2 4 8 12 13 14 15 17 18 20 26 32 34 37 39 41 43 45 47 49 56 59 60 63 64 68 71 74 77 78 81 83 85 86 87 90 91 93 96 97 98 
76 1 4 10 11 13 15 16 19 23 24 28 29 33 34 35 38 39 40 41 46 51 53 54 55 56 59 61 62 63 66 68 70 71 73 81 82 86 90 93 100 
50 1 2 3 4 5 6 7 8 9 10 11 12 13 14 15 16 17 18 19 20 21 22 23 24 25 26 27 28 29 30 31 32 33 34 35 36 37 38 39 40 41 42 43 44 45 46 47 48 49 50 51 52 53 54 55 56 57 58 59 60 61 62 63 64 65 66 67 68 69 70 71 72 73 74 75 76 77 78 79 80 82 83 84 85 86 87 88 89 90 91 92 93 94 95 96 97 98 99 100 
33 4 8 9 13 14 18 19 21 25 29 32 35 36 39 40 47 50 53 54 60 64 65 68 70 72 80 81 83 89 90 92 
93 6 8 10 12 18 19 20 22 24 25 34 35 39 41 43 44 46 47 52 53 54 55 57 63 65 68 74 78 79 81 82 85 90 92 96 98 100 
97 2 5 8 15 18 22 30 31 32 36 38 39 44 50 54 58 61 65 68 69 70 77 81 86 91 93 97 98 
38 1 2 3 4 6 16 19 22 27 28 29 36 37 40 41 43 47 48 51 54 56 60 62 64 71 73 78 79 81 83 89 90 92 93 96 97 98 99 
86 3 5 7 11 12 18 19 22 25 26 31 33 34 36 37 39 40 41 49 51 52 57 65 66 71 75 76 77 79 80 81 84 87 88 97 
55 2 13 14 15 16 23 31 32 33 36 37 38 39 40 42 49 50 64 65 68 70 72 73 74 77 78 79 81 86 90 93 98 99 
48 1 5 6 7 8 9 10 12 13 14 15 28 30 31 32 34 36 37 38 39 47 49 50 57 58 59 62 63 65 69 70 74 75 77 81 86 89 95 96 97 98 100 
84 3 4 5 6 7 8 10 12 13 15 17 22 25 32 36 37 40 43 44 45 48 55 59 60 61 62 64 65 67 72 75 81 82 85 88 93 96 98 100 
28 6 8 12 21 22 24 27 29 33 35 38 39 47 48 49 52 56 60 62 66 67 70 73 75 79 80 81 82 83 85 87 91 96 99 100 
16 1 10 12 13 15 17 18 21 23 25 27 30 32 33 36 39 44 45 49 51 52 54 55 57 59 61 62 65 66 67 68 70 72 79 81 84 90 92 93 100 
60 6 11 21 25 27 29 34 36 37 38 39 41 42 43 46 47 48 49 53 54 58 59 71 72 74 76 77 81 82 83 85 91 94 95 96 97 99 
96 2 4 7 9 11 12 13 14 18 19 26 27 33 35 37 41 42 46 47 48 52 54 55 63 69 71 73 75 78 79 80 81 84 85 87 89 91 97 98 99 100 
37 1 2 3 10 11 16 17 20 23 28 30 31 33 39 43 44 46 48 49 52 56 61 71 78 81 92 
36 1 2 3 6 12 14 16 17 18 20 22 24 25 26 27 29 35 37 47 49 52 54 55 57 59 62 68 69 71 73 75 78 81 88 92 97 99 
56 1 2 4 5 8 10 11 13 18 20 23 25 27 34 38 40 41 45 46 52 53 60 61 62 64 69 70 79 81 83 85 88 89 90 92 
13 5 8 13 15 18 19 22 24 26 28 33 43 44 47 52 54 65 69 72 74 75 77 79 81 84 85 86 88 92 93 95 99 100 
99 3 7 14 17 19 21 23 25 31 36 40 45 47 48 54 61 64 65 68 70 73 75 76 77 78 79 81 83 84 85 87 88 89 93 99 
88 3 4 7 8 14 15 19 20 23 25 27 31 32 33 35 40 42 45 47 48 52 55 58 59 60 65 68 72 78 81 85 87 90 92 93 95 97 98 100 
54 1 2 5 6 7 8 9 10 13 15 17 19 20 21 24 25 28 33 36 40 46 47 60 62 63 65 66 67 71 73 75 76 80 81 83 88 89 90 91 93 97 99 
0
