80
65 4 5 14 23 24 28 30 35 36 40 46 48 49 51 54 59 62 67 78 80 
98 3 4 7 8 9 17 26 27 30 32 37 38 41 46 50 51 52 54 56 58 61 64 65 72 74 75 78 
18 2 6 7 9 10 15 17 18 20 21 28 29 30 32 36 37 40 42 48 50 51 55 59 62 63 69 70 71 76 79 80 
29 1 2 8 9 11 12 13 19 25 28 29 34 35 36 41 51 52 56 57 59 62 63 64 67 70 72 73 74 80 
54 1 7 11 12 13 15 16 22 23 25 32 34 48 50 51 53 54 57 58 59 63 65 66 69 72 78 80 
39 3 10 11 14 15 16 17 20 21 24 27 29 30 35 38 41 51 56 58 61 63 67 68 76 
28 2 3 5 8 9 11 15 23 24 25 27 31 32 33 38 40 41 48 51 52 54 55 56 62 67 69 72 76 77 
75 2 4 7 9 14 15 23 28 29 30 31 35 42 43 47 48 51 52 57 59 61 63 64 76 78 
82 2 3 4 7 8 20 23 27 30 32 35 37 38 39 51 57 64 65 69 70 72 73 74 77 79 80 
95 3 6 11 12 16 18 19 20 21 22 36 39 40 41 46 47 48 51 58 67 68 69 72 75 76 77 78 79 
75 4 5 6 7 10 18 22 23 24 25 30 32 34 37 38 40 41 43 47 50 51 58 61 63 65 67 69 78 79 
39 4 5 10 14 16 28 33 42 47 51 53 58 68 69 73 74 80 
22 4 5 16 19 20 21 29 30 34 35 38 42 49 51 60 61 67 70 73 77 79 80 
75 1 6 8 12 16 19 29 35 38 44 45 46 48 49 50 51 54 57 65 68 71 
96 3 5 6 7 8 18 20 26 32 35 39 51 54 55 57 58 59 67 69 72 75 76 80 
96 5 6 10 12 13 14 18 20 29 30 31 32 33 34 36 37 42 45 46 51 52 58 60 63 65 66 68 70 71 
47 2 3 6 22 25 27 28 29 33 34 35 36 37 39 40 42 44 45 46 50 51 54 55 57 60 61 65 67 71 72 73 74 75 77 
43 3 10 11 15 16 20 23 29 30 32 35 36 41 51 54 59 63 66 68 72 79 
69 4 10 13 14 21 26 28 31 35 38 41 46 49 50 51 53 54 60 64 66 69 72 78 80 
56 3 6 9 10 13 15 16 18 22 24 27 38 44 46 48 51 60 61 63 65 71 75 78 
29 3 6 10 13 19 26 29 32 33 34 45 46 47 49 51 56 61 64 69 72 74 79 
64 5 10 11 17 20 23 30 32 36 37 41 43 45 48 49 51 53 57 58 59 64 71 72 73 79 
93 1 5 7 8 9 11 18 22 25 26 31 35 37 42 46 49 50 51 54 56 59 62 75 76 78 
65 1 6 7 11 20 25 26 27 28 30 32 35 36 38 42 45 49 51 53 55 61 70 73 75 80 
39 4 5 7 11 17 23 24 30 32 33 37 38 41 46 49 51 55 56 65 66 69 70 74 75 79 
93 2 15 19 21 23 24 27 31 34 37 38 49 51 53 55 56 57 59 60 65 68 69 71 74 75 
50 2 6 7 9 17 20 24 26 28 30 33 38 41 45 51 56 58 59 61 62 68 69 70 71 74 80 
66 1 3 4 8 12 17 19 24 27 33 41 42 43 49 50 51 56 57 58 65 68 73 74 75 77 
13 3 4 6 8 13 14 16 17 18 21 35 38 42 44 51 55 58 59 60 64 70 71 75 76 
77 1 2 3 6 8 9 11 13 16 18 22 24 25 27 33 39 41 42 46 50 51 56 59 60 61 63 64 65 70 73 75 79 
51 7 8 16 19 23 26 33 36 37 38 42 46 47 50 51 53 54 59 60 72 
25 2 3 5 7 9 11 15 16 18 21 22 24 25 33 34 35 39 45 49 51 53 62 64 67 69 71 72 76 
70 7 12 16 17 21 25 27 28 30 31 32 36 41 45 48 49 51 54 56 60 61 62 65 66 67 71 74 79 
33 4 5 11 13 16 17 21 26 32 36 38 40 50 51 54 59 67 70 72 75 76 79 
90 1 4 6 8 9 13 14 15 17 18 19 23 24 29 32 36 41 42 45 46 47 51 53 57 59 60 62 64 66 73 78 
13 1 3 4 10 16 17 18 22 24 31 33 34 35 40 43 50 51 52 53 54 63 67 72 80 
67 2 3 9 11 16 17 22 23 25 26 31 41 43 45 46 47 49 50 51 54 57 60 65 66 69 70 77 80 
14 2 6 7 9 11 13 14 19 20 24 25 26 27 29 31 34 47 49 50 51 55 56 57 59 60 72 74 75 77 79 
36 9 10 15 17 30 32 40 46 47 51 54 56 57 64 66 67 71 72 73 77 78 79 80 
62 1 3 7 10 11 17 34 36 39 44 45 49 50 51 52 54 56 70 71 73 76 78 80 
50 2 4 6 7 10 11 18 19 22 25 27 28 30 33 35 37 42 48 49 51 54 61 63 64 65 69 77 78 80 
78 3 8 12 13 16 17 23 24 28 29 30 31 35 41 44 47 51 53 57 58 60 64 69 71 77 80 
30 8 11 22 28 36 37 47 51 56 57 58 68 71 72 75 76 78 
20 14 17 20 29 40 42 51 55 58 64 67 71 73 76 80 
52 14 16 17 21 22 24 27 32 33 35 37 40 46 48 51 63 64 66 69 71 76 
51 1 2 10 14 16 17 19 20 21 23 25 30 31 35 37 39 45 51 52 57 58 61 63 65 66 69 71 74 75 78 79 80 
78 8 10 11 12 21 31 35 37 38 39 42 43 51 52 53 54 58 62 64 66 73 79 80 
64 1 3 5 7 8 10 14 20 22 33 41 45 49 51 57 58 61 64 65 76 77 78 79 
51 1 13 14 19 21 22 23 24 25 26 28 32 33 37 38 40 41 48 51 52 53 55 59 66 67 69 70 72 73 76 77 78 80 
78 2 3 5 11 14 17 19 23 28 30 31 34 36 37 38 40 51 54 57 59 61 65 66 67 72 76 78 
78 1 2 3 4 5 6 7 8 9 10 11 12 13 14 15 16 17 18 19 20 21 22 23 24 25 26 27 28 29 30 31 32 33 34 35 36 37 38 39 40 41 42 43 44 45 46 47 48 49 50 52 53 54 55 56 57 58 59 60 61 62 63 64 65 66 67 68 69 70 71 72 73 74 75 76 77 78 79 80 
74 2 4 7 8 16 36 40 46 47 49 51 58 63 70 72 73 75 77 80 
72 5 12 19 22 24 26 31 32 35 36 42 47 49 51 55 57 62 71 72 75 76 80 
56 1 2 5 7 14 15 17 18 19 23 31 33 34 36 37 39 40 41 47 50 51 55 58 60 63 67 68 71 74 79 
91 3 7 15 17 24 25 26 29 38 44 49 51 53 54 56 59 61 62 63 69 71 72 77 80 
45 2 4 6 7 21 23 25 26 27 28 30 33 38 39 40 43 51 55 58 59 62 68 75 
15 4 5 8 9 14 15 17 22 26 28 35 37 38 39 42 43 46 48 50 51 53 62 67 74 76 78 79 
63 2 5 6 10 11 12 15 16 22 27 28 29 42 43 44 46 47 48 51 52 54 56 61 63 66 67 79 
96 1 3 4 5 8 15 18 22 23 26 27 29 30 31 34 35 38 49 50 51 55 56 61 64 66 67 73 74 77 
82 13 16 17 19 20 26 29 30 31 33 35 37 38 42 51 54 67 68 73 75 
45 2 6 8 11 13 17 20 21 24 27 30 33 41 46 48 50 51 55 58 59 66 71 73 74 76 78 80 
47 1 3 4 7 23 27 32 33 35 47 51 53 55 56 57 74 
27 3 4 5 6 8 11 16 18 20 30 36 41 45 46 51 52 54 55 58 67 77 
65 2 4 8 9 19 21 22 29 30 32 35 39 41 42 44 45 47 48 51 59 65 69 70 71 75 76 79 80 
63 2 5 9 11 14 16 17 20 25 26 28 30 33 37 41 46 48 50 51 64 68 69 70 71 74 75 79 
48 5 16 18 19 25 33 35 37 39 45 46 47 49 50 51 58 59 61 68 69 70 76 78 79 
89 1 4 6 7 10 11 13 15 17 32 33 34 36 39 44 49 50 51 54 57 58 59 60 63 75 76 
94 6 10 12 14 16 18 26 27 28 43 51 54 56 60 65 66 71 79 80 
90 3 5 7 9 10 11 12 15 19 21 25 26 27 32 37 41 42 45 46 49 51 55 64 65 66 70 72 73 75 76 78 
32 3 4 9 13 16 24 25 27 29 30 34 37 40 49 51 52 64 65 66 69 72 78 
41 3 14 16 17 20 22 26 27 29 32 33 39 40 42 43 44 45 46 51 53 54 55 61 64 65 68 74 78 80 
15 2 4 5 7 9 10 15 17 18 19 21 22 31 32 34 36 38 39 43 49 50 51 52 53 55 69 70 75 76 80 
45 4 9 12 13 17 22 24 28 30 35 39 40 44 47 49 51 52 59 60 61 69 76 79 
73 2 4 9 12 17 21 25 26 27 28 33 38 46 51 54 57 59 61 62 65 71 75 76 78 79 
52 2 10 15 17 20 23 24 25 26 28 29 30 34 38 43 46 51 52 53 56 60 64 65 67 69 72 74 76 79 
54 3 6 7 8 10 15 23 29 32 34 40 43 44 45 48 49 50 51 53 57 61 64 66 67 69 72 73 74 75 78 80 
16 7 9 10 13 17 28 37 38 39 41 42 48 49 51 52 55 59 63 79 80 
93 1 2 5 8 10 11 19 20 23 35 39 40 41 43 46 48 49 50 51 57 61 66 69 70 71 74 76 80 
46 3 9 10 11 13 18 21 22 25 30 33 34 38 39 46 47 48 51 54 57 58 64 65 66 68 73 74 75 77 
50 1 3 4 5 9 12 13 15 19 24 27 36 37 39 40 41 42 44 46 47 49 51 52 53 55 61 64 68 71 72 76 77 78 
0