70
18 2 5 7 10 12 14 24 26 27 28 29 30 32 33 35 40 45 46 47 48 51 54 55 57 62 65 67 68 
95 1 11 16 17 20 23 24 25 31 32 35 37 39 40 46 48 60 61 63 64 66 67 68 
62 6 7 10 13 15 22 26 32 40 53 55 56 67 70 
94 8 10 12 19 21 32 33 36 39 46 50 51 54 56 60 65 66 68 70 
32 1 6 7 8 10 13 17 21 24 29 30 32 33 38 40 41 44 45 47 52 53 54 59 60 64 68 
53 3 5 7 8 12 14 21 25 26 27 28 30 32 34 41 43 47 48 49 50 57 58 61 63 64 70 
26 1 3 5 6 12 13 15 17 22 24 28 29 32 34 38 46 47 51 54 58 62 65 66 69 
39 4 5 6 9 10 11 13 15 29 32 33 40 42 43 45 49 53 54 62 64 65 69 
81 8 11 14 18 19 23 26 30 32 33 34 35 36 39 43 46 47 48 49 52 53 54 58 59 63 68 70 
82 1 3 4 5 8 13 16 20 28 32 33 39 40 43 47 49 61 63 69 
21 2 8 9 13 20 22 25 27 28 29 32 34 36 39 42 45 47 49 51 57 60 61 62 66 68 69 
80 1 4 6 7 13 16 20 22 26 28 30 32 33 34 36 40 50 52 54 58 62 63 66 69 70 
76 3 5 7 8 10 11 12 21 22 23 24 27 29 31 32 33 34 35 39 40 42 45 54 55 61 68 
62 1 6 9 15 18 20 21 24 30 32 35 37 53 58 63 65 
25 3 7 8 14 16 21 22 25 32 38 39 41 43 46 49 52 54 59 62 66 68 70 
26 2 10 12 15 17 20 24 25 28 32 36 44 45 49 56 58 62 65 67 68 69 
23 2 5 7 16 21 28 32 38 46 50 55 56 57 58 59 63 65 66 69 
67 9 14 20 23 26 28 29 32 34 36 37 41 46 51 56 57 58 63 
44 4 9 22 32 34 35 37 40 41 42 44 45 47 49 51 54 59 60 
53 2 10 11 12 14 16 18 23 24 26 27 30 32 34 35 36 41 48 53 59 61 64 65 
99 4 5 6 13 14 15 17 22 23 25 27 32 37 39 40 41 47 48 51 56 59 62 68 
36 3 7 11 12 13 15 19 21 25 26 30 31 32 34 35 38 39 46 47 52 54 56 61 62 66 
20 2 9 13 18 20 21 24 27 32 36 38 40 44 46 50 55 57 59 61 63 68 
60 1 2 5 7 13 14 16 20 23 30 32 33 34 35 37 41 42 44 45 47 48 49 53 56 59 60 61 62 69 
64 2 6 11 15 16 21 22 26 29 31 32 33 36 39 43 45 50 52 57 61 64 70 
60 1 3 6 9 12 18 20 22 25 31 32 34 35 37 38 41 43 44 47 50 56 59 60 61 63 65 66 67 68 
51 1 6 11 13 20 21 23 29 32 33 34 35 36 37 39 40 42 49 50 53 55 62 63 64 65 67 69 
96 1 6 7 10 11 12 16 17 18 31 32 39 41 43 45 48 52 55 57 58 63 
12 1 5 7 8 11 13 18 25 27 30 31 32 35 38 46 47 49 58 59 60 63 65 69 
57 1 5 6 9 12 14 20 22 24 29 31 32 38 40 41 43 48 52 54 55 56 60 67 
48 2 13 22 25 26 28 29 30 32 33 34 38 39 43 45 46 49 57 64 65 67 70 
82 1 2 3 4 5 6 7 8 9 10 11 12 13 14 15 16 17 18 19 20 21 22 23 24 25 26 27 28 29 30 31 33 34 35 36 37 38 39 40 41 42 43 44 45 46 47 48 49 50 51 52 53 54 55 56 57 58 59 60 61 62 63 64 65 66 67 68 69 70 
98 1 4 5 8 9 10 12 13 24 25 27 31 32 35 36 37 38 40 41 44 48 51 53 56 60 68 70 
42 6 7 9 11 12 13 18 19 20 22 24 26 27 31 32 37 40 41 43 49 51 54 55 57 63 65 67 
38 1 2 9 13 14 19 20 22 24 26 27 29 32 33 40 43 45 48 51 62 66 68 70 
86 4 9 11 12 16 18 20 23 25 27 32 33 38 39 40 42 43 44 45 49 50 54 59 60 65 
92 2 14 18 19 21 24 26 27 32 33 34 40 46 50 52 54 57 59 64 66 
32 5 7 15 17 22 23 26 29 30 31 32 33 36 39 43 47 48 49 50 52 53 54 55 57 61 63 68 69 70 
62 2 4 9 10 11 13 15 21 22 25 27 28 31 32 36 38 43 49 50 55 58 60 63 64 66 68 
70 1 2 3 5 8 10 12 13 19 21 23 27 30 32 33 34 35 36 37 41 49 50 63 65 66 67 
28 5 6 15 18 19 20 21 24 26 28 30 32 33 34 40 42 43 45 47 48 49 54 61 64 65 
80 8 11 13 19 24 27 32 36 41 47 53 55 58 62 67 
50 6 8 9 10 15 25 26 28 30 31 32 34 35 36 38 39 41 48 50 51 52 54 57 58 61 67 68 69 70 
40 5 16 19 23 24 26 32 33 36 45 48 50 54 55 56 57 58 59 60 63 67 
78 1 5 8 11 13 16 19 24 25 28 31 32 35 36 41 44 46 52 55 61 64 
51 1 2 4 7 9 15 17 18 22 23 29 31 32 37 45 47 52 57 61 65 
32 1 5 6 7 9 10 11 19 21 22 24 26 29 32 38 41 42 46 51 54 56 59 60 63 64 65 66 67 70 
66 1 2 6 9 20 21 24 28 30 32 33 35 38 41 43 44 58 63 
92 6 8 9 10 11 15 16 19 24 27 29 31 32 34 36 38 39 40 41 51 53 54 55 59 60 63 70 
81 4 6 12 17 23 25 26 27 32 36 37 38 39 40 43 44 56 57 58 64 67 70 
98 1 4 7 11 18 19 21 32 33 34 35 43 47 49 56 63 65 66 
88 5 9 12 15 22 25 28 30 32 37 38 43 45 46 58 60 70 
49 3 5 8 9 14 20 24 27 32 33 38 42 49 55 61 64 69 
71 1 4 5 7 8 9 12 13 15 19 22 30 32 34 36 37 38 41 43 44 47 49 61 62 70 
43 1 3 13 17 23 27 28 30 32 34 38 39 42 44 45 49 53 67 69 70 
65 3 4 16 17 18 21 22 24 26 30 32 33 44 47 50 51 57 60 64 65 
90 1 6 11 17 18 23 25 28 31 32 34 37 38 43 44 46 50 56 63 65 
89 6 7 9 12 14 16 17 18 28 29 32 39 42 43 44 48 50 52 59 61 64 65 67 
17 5 9 15 17 19 20 21 23 24 26 29 32 36 37 44 47 49 58 60 63 64 65 70 
39 2 4 5 11 19 24 26 29 30 32 33 36 39 44 47 49 52 56 59 63 65 66 
54 2 6 10 11 13 20 22 23 24 25 26 32 38 41 43 45 46 53 54 58 62 67 70 
11 1 7 8 11 12 15 16 21 22 24 27 32 35 42 54 61 65 68 69 70 
19 2 6 9 10 12 14 17 18 23 26 27 28 29 32 34 38 39 40 44 47 48 49 51 57 59 60 64 
16 2 5 6 8 20 25 27 31 32 37 39 41 45 47 50 53 56 58 59 63 66 69 
52 1 4 7 8 14 16 17 20 26 27 29 31 32 34 36 40 41 46 47 51 56 57 58 59 60 62 67 68 
99 2 4 7 11 12 15 17 22 26 32 35 37 39 40 47 51 60 64 67 
61 1 2 3 16 26 27 30 31 32 34 40 42 43 44 47 50 55 58 61 65 66 68 
37 1 2 4 5 9 11 13 15 16 21 23 26 32 33 35 38 39 43 62 65 67 70 
24 7 8 10 11 12 16 17 24 27 29 32 38 43 53 55 62 64 
64 3 4 6 9 12 15 25 31 32 33 35 38 43 47 49 50 52 54 55 59 61 62 68 
0