40
11 4 29 
13 25 29 32 
87 23 29 
86 1 29 
59 29 36 
21 18 29 30 40 
72 24 29 
67 17 29 
11 12 22 29 
27 29 
66 29 32 
55 9 15 25 29 34 
94 29 30 
45 29 
82 12 19 26 29 31 
95 29 
57 8 29 
26 6 22 29 
92 15 29 40 
82 24 29 
58 29 
29 9 18 29 
93 3 29 30 39 
71 7 20 29 37 38 
53 2 12 29 30 37 
81 15 29 
43 29 
77 29 32 39 40 
59 1 2 3 4 5 6 7 8 9 10 11 12 13 14 15 16 17 18 19 20 21 22 23 24 25 26 27 28 30 31 32 33 34 35 36 37 38 39 40 
85 6 13 23 25 29 35 
56 15 29 
95 2 11 28 29 
70 29 
79 12 29 
86 29 30 
13 5 29 37 39 
79 24 25 29 36 38 
55 24 29 37 
78 23 28 29 36 
83 6 19 28 29 
40
11 4 5 9 13 21 29 37 
13 25 29 31 32 
87 5 18 23 29 
86 1 5 10 11 12 14 26 29 38 
59 1 3 4 12 18 29 36 
21 15 18 22 29 30 36 40 
72 11 19 24 29 32 36 37 38 
67 10 17 29 34 
11 1 12 22 29 34 
27 4 8 22 29 
66 4 7 21 24 29 32 
55 4 5 9 15 25 29 34 39 40 
94 1 22 25 29 30 33 
45 4 20 28 29 36 
82 6 12 16 19 25 26 27 29 31 32 
95 15 29 36 38 
57 8 22 27 29 32 40 
26 3 5 6 22 29 31 
92 7 15 24 25 29 36 37 40 
82 14 24 29 
58 1 11 24 29 
29 6 9 10 13 17 18 23 29 34 
93 3 22 29 30 34 39 
71 7 11 19 20 21 25 29 37 38 
53 2 12 13 15 19 24 29 30 37 
81 4 15 27 29 
43 15 17 26 29 40 
77 14 29 32 39 40 
59 1 2 3 4 5 6 7 8 9 10 11 12 13 14 15 16 17 18 19 20 21 22 23 24 25 26 27 28 30 31 32 33 34 35 36 37 38 39 40 
85 6 13 23 25 29 35 
56 2 15 18 29 
95 2 7 11 15 17 28 29 34 
70 13 29 36 
79 8 9 12 22 23 29 32 
86 29 30 37 
13 5 6 7 14 16 19 29 33 37 39 
79 1 7 19 24 25 29 35 36 38 
55 4 7 16 24 29 37 
78 12 23 28 29 36 
83 6 12 17 19 27 28 29 
40
11 2 4 5 7 9 13 18 21 23 24 28 29 37 39 
13 1 17 18 25 29 31 32 
87 5 18 21 23 29 
86 1 5 6 10 11 12 14 23 26 29 32 36 38 
59 1 3 4 11 12 18 22 26 29 32 33 34 36 
21 4 12 15 18 22 29 30 36 40 
72 1 11 18 19 24 25 29 32 36 37 38 
67 10 17 29 31 34 
11 1 12 13 22 23 24 29 34 39 
27 4 8 22 23 29 
66 4 5 7 18 21 24 29 30 32 35 36 
55 4 5 6 9 15 22 25 29 34 39 40 
94 1 9 22 25 27 29 30 32 33 
45 4 20 28 29 36 
82 6 12 16 19 25 26 27 29 30 31 32 38 40 
95 15 27 29 36 38 40 
57 2 8 21 22 24 27 29 32 36 40 
26 1 2 3 5 6 7 11 22 29 31 37 
92 7 15 24 25 29 34 36 37 38 40 
82 14 23 24 29 30 35 40 
58 1 3 11 17 24 29 
29 5 6 9 10 12 13 17 18 23 29 34 37 38 
93 1 3 4 9 10 20 22 29 30 34 39 
71 1 7 9 11 17 19 20 21 25 29 32 37 38 
53 2 7 12 13 15 19 24 28 29 30 31 32 33 36 37 
81 4 5 15 27 29 39 
43 13 15 16 17 26 29 40 
77 1 14 25 29 32 39 40 
59 1 2 3 4 5 6 7 8 9 10 11 12 13 14 15 16 17 18 19 20 21 22 23 24 25 26 27 28 30 31 32 33 34 35 36 37 38 39 40 
85 6 11 13 15 20 23 25 29 35 
56 2 8 15 18 25 29 
95 2 4 5 7 11 13 15 17 24 25 28 29 34 39 
70 5 13 25 29 36 
79 5 8 9 12 19 22 23 29 32 
86 11 20 29 30 37 
13 4 5 6 7 11 14 16 17 19 25 29 33 37 39 
79 1 7 18 19 22 24 25 29 35 36 38 
55 4 7 15 16 19 22 24 29 37 
78 1 9 12 23 26 28 29 32 36 
83 6 12 15 16 17 19 20 27 28 29 
40
11 2 4 5 6 7 9 13 18 21 23 24 28 29 35 37 39 
13 1 6 10 17 18 20 25 29 31 32 38 
87 5 7 16 18 21 22 23 29 34 36 
86 1 5 6 8 10 11 12 13 14 20 23 26 27 28 29 32 36 38 
59 1 3 4 7 11 12 14 17 18 22 26 29 30 32 33 34 36 38 
21 1 2 4 12 15 18 22 29 30 36 40 
72 1 3 5 11 18 19 21 24 25 28 29 32 36 37 38 39 40 
67 4 10 17 27 29 31 34 36 39 
11 1 12 13 17 22 23 24 29 34 39 
27 2 4 8 12 18 21 22 23 29 39 
66 4 5 7 18 21 24 26 29 30 32 35 36 
55 4 5 6 9 10 15 21 22 25 29 34 39 40 
94 1 4 9 22 25 26 27 29 30 32 33 36 40 
45 4 5 20 28 29 35 36 
82 6 12 16 19 25 26 27 29 30 31 32 37 38 40 
95 3 15 27 29 35 36 38 39 40 
57 2 5 8 9 21 22 24 27 29 32 36 40 
26 1 2 3 5 6 7 10 11 22 28 29 31 37 
92 7 15 24 25 28 29 34 36 37 38 40 
82 2 4 14 23 24 25 29 30 35 36 40 
58 1 3 7 10 11 12 17 24 28 29 
29 3 5 6 9 10 12 13 17 18 23 28 29 30 34 37 38 
93 1 3 4 9 10 20 22 28 29 30 34 39 
71 1 7 9 11 17 19 20 21 25 26 29 32 37 38 39 
53 2 7 12 13 15 19 20 24 28 29 30 31 32 33 36 37 
81 4 5 11 13 15 24 27 29 36 39 
43 4 8 13 15 16 17 26 29 40 
77 1 4 7 14 18 19 21 22 23 25 29 32 34 39 40 
59 1 2 3 4 5 6 7 8 9 10 11 12 13 14 15 16 17 18 19 20 21 22 23 24 25 26 27 28 30 31 32 33 34 35 36 37 38 39 40 
85 5 6 11 13 15 20 22 23 25 29 35 
56 2 8 15 18 25 29 38 
95 2 4 5 7 11 13 15 17 24 25 28 29 34 39 
70 5 13 25 29 36 
79 3 5 8 9 12 19 22 23 28 29 32 
86 1 11 14 16 20 29 30 37 
13 3 4 5 6 7 8 11 13 14 16 17 19 20 25 26 29 33 37 38 39 
79 1 7 15 18 19 22 24 25 29 35 36 38 
55 2 4 5 7 15 16 19 22 24 29 31 36 37 39 
78 1 7 8 9 10 12 16 23 24 26 28 29 32 36 38 
83 6 7 12 13 15 16 17 19 20 27 28 29 
40
11 2 4 5 6 7 9 13 18 21 23 24 26 28 29 30 31 35 37 39 
13 1 4 6 9 10 11 17 18 20 22 25 29 31 32 38 
87 5 7 16 18 21 22 23 29 34 36 
86 1 2 5 6 7 8 10 11 12 13 14 20 23 26 27 28 29 32 36 38 
59 1 3 4 7 11 12 14 17 18 19 22 26 29 30 32 33 34 36 38 
21 1 2 4 10 12 15 16 18 22 29 30 34 36 40 
72 1 3 4 5 11 17 18 19 21 24 25 26 28 29 32 36 37 38 39 40 
67 4 10 17 19 25 26 27 29 31 34 36 39 
11 1 2 12 13 17 18 22 23 24 29 34 38 39 40 
27 2 4 6 8 12 14 18 20 21 22 23 29 35 39 
66 2 4 5 7 12 18 19 21 24 26 29 30 32 35 36 
55 4 5 6 9 10 11 15 20 21 22 25 26 29 34 39 40 
94 1 4 9 22 25 26 27 29 30 32 33 36 40 
45 4 5 10 15 19 20 21 27 28 29 32 35 36 
82 6 12 14 16 19 22 25 26 27 29 30 31 32 37 38 40 
95 3 6 15 17 27 29 35 36 38 39 40 
57 2 5 7 8 9 16 20 21 22 24 27 29 31 32 35 36 40 
26 1 2 3 5 6 7 9 10 11 22 23 27 28 29 31 37 38 
92 5 7 8 11 14 15 24 25 28 29 34 36 37 38 40 
82 2 4 10 12 14 17 23 24 25 29 30 32 35 36 37 40 
58 1 3 7 10 11 12 14 17 24 28 29 37 
29 2 3 5 6 9 10 12 13 15 17 18 23 28 29 30 34 37 38 
93 1 3 4 9 10 18 20 22 28 29 30 34 37 39 
71 1 7 9 11 17 19 20 21 25 26 29 32 37 38 39 
53 2 7 8 12 13 15 19 20 24 27 28 29 30 31 32 33 36 37 
81 1 4 5 7 8 11 12 13 15 24 27 29 34 36 39 
43 4 8 13 14 15 16 17 18 25 26 29 40 
77 1 4 7 14 18 19 21 22 23 25 29 32 34 35 39 40 
59 1 2 3 4 5 6 7 8 9 10 11 12 13 14 15 16 17 18 19 20 21 22 23 24 25 26 27 28 30 31 32 33 34 35 36 37 38 39 40 
85 1 5 6 11 13 15 20 22 23 25 29 35 
56 1 2 8 15 17 18 25 29 38 
95 2 4 5 7 11 13 14 15 17 20 24 25 28 29 34 39 
70 5 13 25 29 35 36 
79 3 5 6 8 9 12 19 22 23 26 28 29 32 35 
86 1 10 11 14 16 17 20 28 29 30 33 34 37 
13 3 4 5 6 7 8 11 13 14 16 17 19 20 25 26 29 33 37 38 39 
79 1 7 15 18 19 20 21 22 23 24 25 29 35 36 38 
55 2 4 5 7 9 15 16 18 19 22 24 29 31 36 37 39 
78 1 7 8 9 10 12 16 23 24 26 28 29 32 36 38 
83 6 7 9 12 13 15 16 17 19 20 27 28 29 
40
11 2 4 5 6 7 9 13 15 18 21 23 24 26 28 29 30 31 35 37 39 
13 1 4 6 9 10 11 17 18 19 20 22 25 28 29 30 31 32 33 38 
87 5 7 9 16 18 21 22 23 27 29 32 34 35 36 
86 1 2 5 6 7 8 10 11 12 13 14 18 20 23 26 27 28 29 32 36 38 
59 1 3 4 7 8 11 12 14 15 17 18 19 22 26 29 30 32 33 34 36 37 38 
21 1 2 4 10 12 15 16 18 22 29 30 34 36 40 
72 1 3 4 5 8 11 17 18 19 21 24 25 26 28 29 32 36 37 38 39 40 
67 4 5 7 10 16 17 19 25 26 27 29 31 34 36 39 
11 1 2 3 12 13 16 17 18 22 23 24 29 34 38 39 40 
27 2 4 6 8 12 14 18 20 21 22 23 27 29 30 35 39 
66 2 4 5 7 12 13 18 19 21 24 26 29 30 32 33 35 36 
55 4 5 6 9 10 11 15 20 21 22 25 26 29 34 39 40 
94 1 4 9 11 17 22 25 26 27 29 30 32 33 36 40 
45 4 5 10 15 16 19 20 21 27 28 29 32 35 36 40 
82 1 5 6 12 14 16 19 22 25 26 27 29 30 31 32 37 38 39 40 
95 3 6 8 9 14 15 17 19 27 29 35 36 38 39 40 
57 2 5 7 8 9 13 16 20 21 22 23 24 27 29 31 32 35 36 40 
26 1 2 3 4 5 6 7 9 10 11 22 23 27 28 29 31 34 37 38 
92 2 5 7 8 11 14 15 16 21 24 25 28 29 34 36 37 38 40 
82 2 4 10 12 14 17 23 24 25 29 30 32 35 36 37 40 
58 1 3 7 10 11 12 14 17 19 24 25 28 29 37 40 
29 2 3 5 6 9 10 12 13 15 17 18 23 28 29 30 34 35 37 38 39 
93 1 3 4 9 10 17 18 20 22 28 29 30 33 34 37 39 
71 1 7 9 11 17 19 20 21 25 26 29 31 32 37 38 39 
53 2 7 8 12 13 15 19 20 21 24 27 28 29 30 31 32 33 36 37 
81 1 4 5 7 8 11 12 13 15 24 27 29 32 34 36 39 
43 3 4 8 10 13 14 15 16 17 18 25 26 29 31 40 
77 1 2 4 7 14 18 19 21 22 23 25 29 32 34 35 39 40 
59 1 2 3 4 5 6 7 8 9 10 11 12 13 14 15 16 17 18 19 20 21 22 23 24 25 26 27 28 30 31 32 33 34 35 36 37 38 39 40 
85 1 2 5 6 10 11 13 15 20 22 23 25 29 35 40 
56 1 2 8 15 17 18 24 25 27 29 38 39 
95 2 3 4 5 7 11 13 14 15 17 20 24 25 26 28 29 34 38 39 
70 2 5 11 13 23 25 29 35 36 
79 3 5 6 8 9 12 18 19 22 23 26 28 29 32 35 40 
86 1 3 10 11 14 16 17 20 22 28 29 30 33 34 37 
13 3 4 5 6 7 8 11 13 14 16 17 19 20 25 26 29 33 37 38 39 
79 1 5 7 15 18 19 20 21 22 23 24 25 29 35 36 38 
55 2 4 5 7 9 15 16 18 19 22 24 29 31 32 36 37 39 
78 1 7 8 9 10 12 15 16 22 23 24 26 28 29 31 32 36 38 
83 6 7 9 12 13 14 15 16 17 19 20 21 27 28 29 30 34 
40
11 2 4 5 6 7 9 11 13 15 17 18 19 21 23 24 26 28 29 30 31 34 35 37 38 39 
13 1 4 6 9 10 11 17 18 19 20 22 25 28 29 30 31 32 33 38 
87 5 7 9 16 17 18 21 22 23 27 28 29 32 34 35 36 
86 1 2 5 6 7 8 10 11 12 13 14 18 20 23 26 27 28 29 30 32 36 38 
59 1 3 4 7 8 11 12 14 15 17 18 19 22 26 29 30 32 33 34 36 37 38 
21 1 2 4 10 11 12 15 16 18 22 29 30 34 36 40 
72 1 3 4 5 8 11 17 18 19 21 23 24 25 26 28 29 31 32 36 37 38 39 40 
67 4 5 7 10 16 17 19 22 25 26 27 29 31 32 34 36 37 39 
11 1 2 3 12 13 15 16 17 18 22 23 24 29 34 38 39 40 
27 2 4 6 8 12 14 16 18 19 20 21 22 23 27 29 30 32 35 39 
66 1 2 4 5 6 7 12 13 18 19 21 24 26 29 30 32 33 35 36 39 
55 4 5 6 9 10 11 13 15 20 21 22 25 26 29 33 34 39 40 
94 1 4 9 11 12 17 22 25 26 27 29 30 32 33 36 40 
45 4 5 10 15 16 18 19 20 21 27 28 29 32 34 35 36 40 
82 1 5 6 9 12 14 16 19 22 25 26 27 29 30 31 32 35 36 37 38 39 40 
95 3 6 8 9 10 14 15 17 18 19 27 28 29 31 35 36 38 39 40 
57 1 2 3 5 7 8 9 13 16 20 21 22 23 24 27 28 29 31 32 35 36 40 
26 1 2 3 4 5 6 7 9 10 11 14 16 22 23 27 28 29 31 34 35 37 38 
92 1 2 5 7 8 10 11 14 15 16 21 23 24 25 28 29 34 36 37 38 40 
82 2 4 10 12 14 17 23 24 25 29 30 32 35 36 37 40 
58 1 3 7 10 11 12 14 17 19 23 24 25 28 29 37 40 
29 2 3 5 6 8 9 10 12 13 15 17 18 23 28 29 30 34 35 37 38 39 
93 1 3 4 7 9 10 17 18 19 20 21 22 28 29 30 31 33 34 37 39 
71 1 7 9 11 17 19 20 21 25 26 27 29 30 31 32 37 38 39 
53 2 7 8 12 13 15 19 20 21 24 27 28 29 30 31 32 33 36 37 40 
81 1 4 5 7 8 11 12 13 15 24 27 29 32 34 36 39 
43 3 4 8 10 13 14 15 16 17 18 24 25 26 29 31 34 36 40 
77 1 2 3 4 7 14 16 17 18 19 21 22 23 25 29 32 34 35 37 39 40 
59 1 2 3 4 5 6 7 8 9 10 11 12 13 14 15 16 17 18 19 20 21 22 23 24 25 26 27 28 30 31 32 33 34 35 36 37 38 39 40 
85 1 2 4 5 6 10 11 13 15 20 22 23 24 25 29 35 40 
56 1 2 7 8 15 16 17 18 23 24 25 27 29 38 39 
95 2 3 4 5 7 8 10 11 13 14 15 17 20 24 25 26 28 29 34 36 38 39 
70 2 5 11 12 13 23 25 29 35 36 
79 1 3 5 6 8 9 12 14 18 19 22 23 26 27 28 29 32 35 40 
86 1 3 10 11 14 15 16 17 18 20 22 28 29 30 33 34 37 
13 3 4 5 6 7 8 11 13 14 15 16 17 19 20 25 26 27 29 32 33 37 38 39 
79 1 5 7 8 15 18 19 20 21 22 23 24 25 28 29 35 36 38 
55 1 2 4 5 7 9 15 16 18 19 22 24 29 31 32 36 37 39 
78 1 7 8 9 10 11 12 15 16 22 23 24 26 28 29 31 32 36 38 
83 6 7 9 12 13 14 15 16 17 19 20 21 25 27 28 29 30 34 
40
11 2 4 5 6 7 9 11 13 15 17 18 19 20 21 23 24 26 28 29 30 31 34 35 37 38 39 
13 1 4 6 9 10 11 16 17 18 19 20 22 25 26 28 29 30 31 32 33 34 38 
87 5 7 9 16 17 18 21 22 23 27 28 29 32 34 35 36 
86 1 2 5 6 7 8 10 11 12 13 14 18 20 23 24 26 27 28 29 30 31 32 36 38 
59 1 3 4 7 8 11 12 14 15 17 18 19 22 24 26 29 30 32 33 34 36 37 38 
21 1 2 4 10 11 12 15 16 18 20 22 23 29 30 34 36 38 40 
72 1 3 4 5 8 11 13 14 16 17 18 19 21 23 24 25 26 28 29 31 32 35 36 37 38 39 40 
67 4 5 7 10 12 16 17 19 20 22 25 26 27 29 31 32 34 36 37 39 
11 1 2 3 12 13 15 16 17 18 22 23 24 29 34 37 38 39 40 
27 2 4 6 8 12 14 16 18 19 20 21 22 23 27 29 30 32 35 39 
66 1 2 4 5 6 7 12 13 15 18 19 21 24 26 29 30 32 33 35 36 37 39 
55 4 5 6 8 9 10 11 13 15 20 21 22 25 26 29 33 34 39 40 
94 1 4 7 9 11 12 17 22 25 26 27 28 29 30 32 33 36 40 
45 4 5 7 10 15 16 18 19 20 21 27 28 29 32 34 35 36 40 
82 1 5 6 9 11 12 14 16 19 22 25 26 27 29 30 31 32 35 36 37 38 39 40 
95 2 3 6 7 8 9 10 14 15 17 18 19 21 25 27 28 29 31 35 36 38 39 40 
57 1 2 3 5 7 8 9 13 16 20 21 22 23 24 27 28 29 31 32 35 36 38 40 
26 1 2 3 4 5 6 7 9 10 11 14 16 22 23 27 28 29 31 33 34 35 37 38 
92 1 2 5 7 8 10 11 14 15 16 21 23 24 25 28 29 34 36 37 38 40 
82 1 2 4 6 8 10 12 14 17 23 24 25 29 30 32 33 35 36 37 40 
58 1 3 7 10 11 12 14 16 17 19 23 24 25 28 29 31 32 37 40 
29 2 3 5 6 8 9 10 12 13 15 17 18 23 28 29 30 34 35 37 38 39 
93 1 3 4 6 7 9 10 17 18 19 20 21 22 28 29 30 31 33 34 37 39 
71 1 4 5 7 9 11 17 19 20 21 25 26 27 29 30 31 32 37 38 39 
53 2 7 8 12 13 15 16 19 20 21 24 27 28 29 30 31 32 33 36 37 40 
81 1 2 4 5 7 8 11 12 13 15 24 27 29 32 33 34 36 39 
43 3 4 8 10 13 14 15 16 17 18 24 25 26 29 31 33 34 36 40 
77 1 2 3 4 7 13 14 16 17 18 19 21 22 23 25 29 32 34 35 37 39 40 
59 1 2 3 4 5 6 7 8 9 10 11 12 13 14 15 16 17 18 19 20 21 22 23 24 25 26 27 28 30 31 32 33 34 35 36 37 38 39 40 
85 1 2 4 5 6 10 11 13 15 20 22 23 24 25 29 32 35 40 
56 1 2 4 7 8 15 16 17 18 21 23 24 25 27 29 35 38 39 
95 2 3 4 5 7 8 10 11 13 14 15 17 20 21 24 25 26 28 29 30 34 36 38 39 
70 2 5 11 12 13 18 20 23 25 26 27 29 35 36 
79 1 2 3 5 6 8 9 12 14 18 19 22 23 26 27 28 29 32 35 40 
86 1 3 7 10 11 14 15 16 17 18 20 22 28 29 30 31 33 34 37 39 
13 3 4 5 6 7 8 11 13 14 15 16 17 19 20 25 26 27 29 32 33 37 38 39 
79 1 5 7 8 9 11 15 18 19 20 21 22 23 24 25 28 29 35 36 38 
55 1 2 4 5 6 7 9 15 16 17 18 19 22 24 29 31 32 36 37 39 
78 1 7 8 9 10 11 12 15 16 22 23 24 26 28 29 31 32 35 36 38 
83 6 7 9 12 13 14 15 16 17 19 20 21 25 27 28 29 30 34 
40
11 2 4 5 6 7 9 11 13 15 17 18 19 20 21 23 24 26 28 29 30 31 34 35 37 38 39 
13 1 4 6 9 10 11 16 17 18 19 20 21 22 25 26 28 29 30 31 32 33 34 38 39 
87 5 7 9 13 16 17 18 21 22 23 27 28 29 30 32 34 35 36 
86 1 2 5 6 7 8 10 11 12 13 14 16 18 20 23 24 26 27 28 29 30 31 32 36 38 40 
59 1 3 4 7 8 11 12 14 15 17 18 19 22 24 26 29 30 32 33 34 36 37 38 
21 1 2 4 10 11 12 15 16 18 20 22 23 29 30 33 34 36 37 38 40 
72 1 3 4 5 8 11 13 14 16 17 18 19 20 21 23 24 25 26 28 29 31 32 33 35 36 37 38 39 40 
67 4 5 7 10 12 15 16 17 19 20 22 25 26 27 29 30 31 32 34 36 37 38 39 40 
11 1 2 3 12 13 15 16 17 18 19 22 23 24 29 34 37 38 39 40 
27 2 4 6 8 12 13 14 16 18 19 20 21 22 23 27 29 30 32 35 39 40 
66 1 2 4 5 6 7 12 13 15 17 18 19 21 24 26 29 30 32 33 35 36 37 39 
55 4 5 6 8 9 10 11 13 15 19 20 21 22 25 26 29 33 34 39 40 
94 1 3 4 7 9 10 11 12 17 22 23 25 26 27 28 29 30 32 33 36 40 
45 4 5 7 10 15 16 18 19 20 21 27 28 29 32 34 35 36 40 
82 1 5 6 8 9 11 12 14 16 19 22 25 26 27 29 30 31 32 35 36 37 38 39 40 
95 2 3 4 6 7 8 9 10 14 15 17 18 19 21 25 27 28 29 31 34 35 36 38 39 40 
57 1 2 3 5 7 8 9 11 13 16 20 21 22 23 24 27 28 29 31 32 35 36 38 40 
26 1 2 3 4 5 6 7 9 10 11 14 16 20 22 23 27 28 29 31 33 34 35 37 38 
92 1 2 5 7 8 9 10 11 12 14 15 16 21 23 24 25 28 29 34 36 37 38 40 
82 1 2 4 6 7 8 10 12 14 17 18 23 24 25 29 30 32 33 35 36 37 40 
58 1 2 3 7 10 11 12 14 16 17 19 23 24 25 26 28 29 31 32 37 40 
29 2 3 5 6 8 9 10 12 13 15 17 18 23 28 29 30 34 35 37 38 39 
93 1 3 4 6 7 9 10 13 17 18 19 20 21 22 28 29 30 31 33 34 37 39 
71 1 4 5 7 9 11 17 19 20 21 25 26 27 29 30 31 32 37 38 39 
53 2 7 8 12 13 15 16 19 20 21 24 27 28 29 30 31 32 33 36 37 39 40 
81 1 2 4 5 7 8 11 12 13 15 21 24 27 29 32 33 34 36 39 
43 3 4 8 10 13 14 15 16 17 18 24 25 26 29 31 33 34 36 40 
77 1 2 3 4 7 13 14 16 17 18 19 21 22 23 25 29 30 32 34 35 37 39 40 
59 1 2 3 4 5 6 7 8 9 10 11 12 13 14 15 16 17 18 19 20 21 22 23 24 25 26 27 28 30 31 32 33 34 35 36 37 38 39 40 
85 1 2 3 4 5 6 8 10 11 13 15 20 22 23 24 25 28 29 32 35 38 40 
56 1 2 4 7 8 15 16 17 18 21 23 24 25 27 29 35 38 39 
95 2 3 4 5 7 8 10 11 13 14 15 17 20 21 24 25 26 28 29 30 34 36 38 39 
70 2 5 6 7 11 12 13 18 20 23 25 26 27 29 34 35 36 38 
79 1 2 3 5 6 8 9 12 14 16 18 19 22 23 26 27 28 29 32 33 35 38 40 
86 1 3 7 10 11 14 15 16 17 18 20 22 28 29 30 31 33 34 37 39 
13 3 4 5 6 7 8 11 13 14 15 16 17 19 20 25 26 27 29 32 33 37 38 39 
79 1 5 6 7 8 9 11 15 18 19 20 21 22 23 24 25 28 29 35 36 38 
55 1 2 4 5 6 7 8 9 15 16 17 18 19 22 24 29 30 31 32 33 34 36 37 39 40 
78 1 2 7 8 9 10 11 12 15 16 22 23 24 25 26 28 29 31 32 35 36 38 
83 4 6 7 8 9 10 12 13 14 15 16 17 19 20 21 25 27 28 29 30 34 38 
40
11 2 4 5 6 7 9 11 12 13 15 17 18 19 20 21 23 24 26 28 29 30 31 34 35 37 38 39 40 
13 1 4 6 9 10 11 15 16 17 18 19 20 21 22 25 26 28 29 30 31 32 33 34 38 39 
87 5 7 9 13 16 17 18 21 22 23 27 28 29 30 32 34 35 36 
86 1 2 5 6 7 8 10 11 12 13 14 16 18 20 23 24 26 27 28 29 30 31 32 34 36 38 40 
59 1 3 4 7 8 11 12 14 15 17 18 19 22 24 26 29 30 32 33 34 36 37 38 
21 1 2 4 8 10 11 12 13 15 16 18 20 22 23 29 30 33 34 36 37 38 40 
72 1 3 4 5 8 11 13 14 16 17 18 19 20 21 23 24 25 26 28 29 30 31 32 33 35 36 37 38 39 40 
67 4 5 6 7 10 12 15 16 17 19 20 22 25 26 27 29 30 31 32 34 35 36 37 38 39 40 
11 1 2 3 12 13 15 16 17 18 19 22 23 24 27 29 34 35 37 38 39 40 
27 2 4 6 8 11 12 13 14 16 18 19 20 21 22 23 27 29 30 32 35 39 40 
66 1 2 4 5 6 7 10 12 13 15 17 18 19 21 24 26 29 30 31 32 33 35 36 37 39 
55 1 4 5 6 8 9 10 11 13 15 16 19 20 21 22 25 26 29 32 33 34 39 40 
94 1 3 4 6 7 9 10 11 12 17 22 23 25 26 27 28 29 30 31 32 33 36 40 
45 4 5 7 10 15 16 18 19 20 21 22 23 27 28 29 32 34 35 36 38 40 
82 1 2 5 6 8 9 11 12 14 16 19 22 25 26 27 29 30 31 32 35 36 37 38 39 40 
95 2 3 4 6 7 8 9 10 12 14 15 17 18 19 21 25 27 28 29 31 34 35 36 38 39 40 
57 1 2 3 5 7 8 9 11 13 16 20 21 22 23 24 26 27 28 29 31 32 35 36 38 40 
26 1 2 3 4 5 6 7 9 10 11 14 16 20 22 23 27 28 29 31 33 34 35 37 38 
92 1 2 5 7 8 9 10 11 12 14 15 16 21 23 24 25 28 29 34 36 37 38 40 
82 1 2 4 6 7 8 10 12 14 17 18 23 24 25 26 29 30 32 33 35 36 37 40 
58 1 2 3 7 10 11 12 14 16 17 19 23 24 25 26 28 29 31 32 36 37 40 
29 2 3 5 6 8 9 10 12 13 14 15 17 18 23 27 28 29 30 32 34 35 37 38 39 
93 1 3 4 6 7 9 10 13 14 17 18 19 20 21 22 28 29 30 31 33 34 37 39 40 
71 1 4 5 7 9 11 17 19 20 21 25 26 27 29 30 31 32 35 37 38 39 
53 2 7 8 12 13 15 16 19 20 21 24 27 28 29 30 31 32 33 36 37 39 40 
81 1 2 4 5 7 8 11 12 13 15 17 20 21 24 27 28 29 32 33 34 36 37 39 
43 3 4 8 9 10 13 14 15 16 17 18 22 24 25 26 29 30 31 33 34 35 36 40 
77 1 2 3 4 7 13 14 16 17 18 19 21 22 23 25 26 29 30 32 34 35 37 39 40 
59 1 2 3 4 5 6 7 8 9 10 11 12 13 14 15 16 17 18 19 20 21 22 23 24 25 26 27 28 30 31 32 33 34 35 36 37 38 39 40 
85 1 2 3 4 5 6 7 8 10 11 13 15 20 22 23 24 25 27 28 29 32 35 37 38 40 
56 1 2 4 7 8 11 13 15 16 17 18 21 23 24 25 27 29 35 38 39 
95 2 3 4 5 7 8 10 11 12 13 14 15 17 20 21 22 24 25 26 28 29 30 34 36 38 39 40 
70 2 5 6 7 11 12 13 18 20 23 25 26 27 29 34 35 36 37 38 
79 1 2 3 4 5 6 8 9 12 14 16 18 19 22 23 26 27 28 29 32 33 35 38 40 
86 1 3 7 8 9 10 11 14 15 16 17 18 20 22 24 27 28 29 30 31 33 34 37 39 
13 3 4 5 6 7 8 11 13 14 15 16 17 19 20 21 25 26 27 29 32 33 37 38 39 
79 1 5 6 7 8 9 11 15 18 19 20 21 22 23 24 25 26 28 29 30 33 35 36 38 
55 1 2 4 5 6 7 8 9 14 15 16 17 18 19 22 24 29 30 31 32 33 34 36 37 39 40 
78 1 2 7 8 9 10 11 12 15 16 22 23 24 25 26 28 29 31 32 35 36 38 40 
83 1 4 6 7 8 9 10 12 13 14 15 16 17 19 20 21 23 25 27 28 29 30 32 34 38 39 
0