20
28 15 
11 7 10 12 15 
16 9 10 15 18 
19 7 10 15 18 
17 15 16 20 
11 9 13 15 
27 2 4 10 12 15 
12 9 15 19 
23 3 6 8 12 14 15 
26 2 3 4 7 13 15 
20 15 16 17 
27 2 7 9 15 16 18 19 
13 6 10 14 15 
12 9 13 15 18 
22 1 2 3 4 5 6 7 8 9 10 11 12 13 14 16 17 18 19 20 
14 5 11 12 15 
12 11 15 
22 3 4 12 14 15 
23 8 12 15 
24 5 15 
025
21 2 4 12 18 
13 1 3 4 5 6 10 14 15 25 
10 2 4 9 18 25 
26 1 2 3 5 6 7 8 9 10 11 12 13 14 15 16 17 18 19 20 21 22 23 24 25 
23 2 4 9 12 13 
22 2 4 20 
18 4 14 15 23 24 
17 4 16 
23 3 4 5 
11 2 4 12 13 20 25 
20 4 
10 1 4 5 10 19 21 22 
25 4 5 10 14 15 16 17 19 
12 2 4 7 13 22 24 
21 2 4 7 13 20 21 
16 4 8 13 17 23 24 
12 4 13 16 18 23 
23 1 3 4 17 20 25 
27 4 12 13 
10 4 6 10 15 18 
10 4 12 15 
14 4 12 14 
20 4 7 16 17 
13 4 7 14 16 
24 2 3 4 10 18 
030
26 5 8 9 14 
29 5 9 16 24 
27 4 7 9 14 16 21 29 
23 3 7 9 14 15 18 22 
17 1 2 9 
28 9 12 21 23 30 
29 3 4 8 9 11 13 17 18 20 28 
17 1 7 9 11 17 26 
27 1 2 3 4 5 6 7 8 10 11 12 13 14 15 16 17 18 19 20 21 22 23 24 25 26 27 28 29 30 
19 9 14 18 20 23 27 
10 7 8 9 15 26 28 
10 6 9 
24 7 9 17 27 
26 1 3 4 9 10 17 27 
27 4 9 11 18 20 23 24 26 27 
19 2 3 9 17 22 25 30 
26 7 8 9 13 14 16 22 24 27 
10 4 7 9 10 15 
11 9 21 28 29 
12 7 9 10 15 29 
25 3 6 9 19 27 
18 4 9 16 17 23 24 25 
25 6 9 10 15 22 24 
11 2 9 15 17 22 23 
29 9 16 22 26 
12 8 9 11 15 25 28 
25 9 10 13 14 15 17 21 
26 7 9 11 19 26 
11 3 9 19 20 30 
21 6 9 16 29 
035
26 8 13 28 33 
13 3 5 6 9 15 19 20 33 34 
17 2 6 8 10 19 21 27 33 34 
12 6 7 8 20 21 24 27 30 31 33 
17 2 6 8 14 18 23 32 33 
23 2 3 4 5 10 11 21 30 33 
21 4 8 19 33 35 
12 1 3 4 5 7 10 11 14 20 27 28 33 
15 2 19 26 31 33 34 
28 3 6 8 11 19 26 33 
26 6 8 10 18 19 25 27 33 
15 13 19 31 33 
21 1 12 17 19 33 
13 5 8 19 26 27 29 33 34 35 
10 2 33 
25 17 21 25 32 33 
21 13 16 22 23 33 
13 5 11 21 24 27 30 31 33 35 
16 2 3 7 9 10 11 12 13 14 20 22 24 29 33 34 
25 2 4 8 19 25 28 33 
17 3 4 6 16 18 33 
22 17 19 23 27 32 33 35 
14 5 17 22 31 33 34 
12 4 18 19 33 
19 11 16 20 33 
10 9 10 14 28 33 
22 3 4 8 11 14 18 22 28 30 33 
19 1 8 20 26 27 30 33 34 
24 14 19 33 
28 4 6 18 27 28 32 33 35 
21 4 9 12 18 23 32 33 35 
22 5 16 22 30 31 33 
22 1 2 3 4 5 6 7 8 9 10 11 12 13 14 15 16 17 18 19 20 21 22 23 24 25 26 27 28 29 30 31 32 34 35 
18 2 3 9 14 19 23 28 33 
13 7 14 18 22 30 31 33 
040
25 3 17 18 21 23 24 30 36 38 
19 6 8 10 11 16 17 20 23 28 30 38 
19 1 10 20 22 27 30 36 39 
15 12 17 22 26 28 29 30 37 38 
12 7 9 11 21 24 30 31 34 39 40 
21 2 17 26 28 30 
24 5 8 22 28 30 37 38 
23 2 7 11 21 25 30 31 
24 5 29 30 33 
28 2 3 16 21 22 30 32 33 35 36 
20 2 5 8 15 21 22 25 26 28 30 35 39 
27 4 28 30 35 38 
20 15 16 18 19 24 30 31 
10 20 21 30 32 36 
10 11 13 19 25 30 34 38 
25 2 10 13 30 31 34 35 
18 1 2 4 6 19 24 30 35 
10 1 13 23 24 29 30 34 40 
26 13 15 17 24 29 30 31 40 
22 2 3 14 21 29 30 37 
26 1 5 8 10 11 14 20 27 30 31 
26 3 4 7 10 11 30 
15 1 2 18 30 
26 1 5 13 17 18 19 30 39 
12 8 11 15 27 29 30 36 
27 4 6 11 29 30 33 35 37 40 
28 3 21 25 29 30 38 40 
15 2 4 6 7 11 12 30 32 34 36 37 40 
13 4 9 18 19 20 25 26 27 30 36 
27 1 2 3 4 5 6 7 8 9 10 11 12 13 14 15 16 17 18 19 20 21 22 23 24 25 26 27 28 29 31 32 33 34 35 36 37 38 39 40 
26 5 8 13 16 19 21 30 32 
18 10 14 28 30 31 33 39 
26 9 10 26 30 32 
28 5 15 16 18 28 30 37 
14 10 11 12 16 17 26 30 40 
10 1 3 10 14 25 28 29 30 38 40 
19 4 7 20 26 28 30 34 40 
23 1 2 4 7 12 15 27 30 36 39 
12 3 5 11 24 30 32 38 
22 5 18 19 26 27 28 30 35 36 37 
045
12 6 11 13 14 20 30 32 36 41 42 
20 11 12 13 14 31 33 34 35 44 
28 5 9 14 26 38 39 40 
18 6 10 14 15 24 38 39 43 45 
11 3 14 15 17 20 34 41 42 
15 1 4 8 14 17 20 25 26 31 35 38 39 43 
23 13 14 22 28 29 31 37 
19 6 10 13 14 15 18 27 38 39 40 43 45 
14 3 12 14 20 21 23 28 34 40 43 44 
29 4 8 13 14 21 22 27 32 
29 1 2 14 33 41 
11 2 9 13 14 16 22 27 40 43 44 
12 1 2 7 8 10 12 14 15 19 23 31 34 42 43 
20 1 2 3 4 5 6 7 8 9 10 11 12 13 15 16 17 18 19 20 21 22 23 24 25 26 27 28 29 30 31 32 33 34 35 36 37 38 39 40 41 42 43 44 45 
15 4 5 8 13 14 17 21 24 26 36 38 40 43 44 
11 12 14 17 26 28 30 36 
24 5 6 14 15 16 33 35 45 
14 8 14 19 30 38 
28 13 14 18 32 34 
23 1 5 6 9 14 22 25 30 31 34 
28 9 10 14 15 25 28 31 33 34 35 36 39 
13 7 10 12 14 20 26 28 41 45 
20 9 13 14 33 36 40 45 
24 4 14 15 32 33 42 
24 6 14 20 21 36 
12 3 6 14 15 16 22 30 32 
23 8 10 12 14 28 30 32 33 34 37 38 
21 7 9 14 16 21 22 27 38 42 
23 7 14 34 43 
10 1 14 16 18 20 26 27 32 37 39 
23 2 6 7 13 14 20 21 
12 1 10 14 19 24 26 27 30 36 44 45 
24 2 11 14 17 21 23 24 27 38 42 
12 2 5 9 13 14 19 20 21 27 29 36 44 
28 2 6 14 17 21 41 43 45 
22 1 14 15 16 21 23 25 32 34 37 
16 7 14 27 30 36 39 42 
25 3 4 6 8 14 15 18 27 28 33 39 41 43 44 
21 3 4 6 8 14 21 30 37 38 42 
16 3 8 9 12 14 15 23 
16 1 5 11 14 22 35 38 45 
21 1 5 13 14 24 28 33 37 39 44 
13 4 6 8 9 12 13 14 15 29 35 38 
10 2 9 12 14 15 32 34 38 42 
14 4 8 14 17 22 23 32 35 41 
050
26 5 7 15 16 18 20 21 25 27 31 35 37 39 45 46 47 
29 3 5 7 14 15 18 27 34 44 45 47 
17 2 7 9 18 26 27 34 37 40 41 
29 17 18 25 32 42 46 
21 1 2 7 11 14 18 22 24 28 29 30 40 41 43 46 
27 11 14 18 20 28 31 37 39 42 47 
29 1 2 3 5 9 18 19 33 41 45 49 
25 11 13 18 19 20 25 27 33 35 37 48 
14 3 7 13 18 22 27 32 39 47 49 50 
18 17 18 21 23 29 30 
21 5 6 8 12 18 20 24 27 30 31 36 
28 11 17 18 22 23 26 28 30 32 42 44 
18 8 9 14 18 49 50 
19 2 5 6 13 18 30 32 33 36 40 
24 1 2 17 18 19 27 32 39 42 
21 1 18 20 24 27 37 40 45 49 50 
29 4 10 12 15 18 30 36 37 50 
19 1 2 3 4 5 6 7 8 9 10 11 12 13 14 15 16 17 19 20 21 22 23 24 25 26 27 28 29 30 31 32 33 34 35 36 37 38 39 40 41 42 43 44 45 46 47 48 49 50 
25 7 8 15 18 21 30 31 37 39 49 
28 1 6 8 11 16 18 21 24 30 31 38 45 46 
17 1 10 18 19 20 39 44 
14 5 9 12 18 26 34 36 48 
24 10 12 18 26 35 37 43 
17 5 11 16 18 20 33 34 35 
16 1 4 8 18 27 28 41 45 47 
22 3 12 18 22 23 28 30 34 39 40 43 44 45 48 49 
17 1 2 3 8 9 11 15 16 18 25 30 31 34 
19 5 6 12 18 25 26 32 33 36 38 40 47 
24 5 10 18 32 36 39 41 42 43 48 
27 5 10 11 12 14 17 18 19 20 26 27 47 
29 1 6 11 18 19 20 27 34 40 42 48 
11 4 9 12 14 15 18 28 29 40 
29 7 8 14 18 24 28 38 41 42 45 
12 2 3 18 22 24 26 27 31 39 44 
27 1 8 18 23 24 39 44 47 
29 11 14 17 18 22 28 29 41 44 
20 1 3 6 8 16 17 18 19 23 38 45 47 
17 18 20 28 33 37 
18 1 6 9 15 18 19 21 26 29 34 35 44 46 
10 3 5 14 16 18 26 28 31 32 41 44 
28 3 5 7 18 25 29 33 36 40 43 48 
11 4 6 12 15 18 29 31 33 45 
21 5 18 23 26 29 41 45 47 49 
27 2 12 18 21 26 34 35 36 39 40 
18 1 2 7 16 18 20 25 26 33 37 42 43 46 48 
27 1 4 5 18 20 39 45 
19 1 2 6 9 18 25 28 30 35 37 43 49 
14 8 18 22 26 29 31 41 45 
27 7 9 13 16 18 19 26 43 47 
25 9 13 16 17 18 
055
26 6 11 14 15 17 18 32 42 52 53 
24 14 21 24 29 54 
23 4 14 16 26 46 49 50 
28 3 8 9 14 16 17 21 23 36 43 46 48 51 
17 7 13 14 17 23 26 38 39 41 46 54 
17 1 14 16 21 22 23 29 33 37 39 42 
14 5 9 13 14 19 26 29 31 33 37 38 40 48 
23 4 14 15 16 17 18 19 26 35 37 40 44 48 52 53 
15 4 7 13 14 15 22 31 34 48 51 54 
24 11 12 14 18 19 23 28 31 38 45 
28 1 10 14 16 22 27 30 31 37 39 51 55 
24 10 14 16 18 19 21 48 52 
28 5 7 9 14 18 19 22 25 27 34 37 40 41 46 53 55 
24 1 2 3 4 5 6 7 8 9 10 11 12 13 15 16 17 18 19 20 21 22 23 24 25 26 27 28 29 30 31 32 33 34 35 36 37 38 39 40 41 42 43 44 45 46 47 48 49 50 51 52 53 54 55 
15 1 8 9 14 18 24 38 39 45 53 
13 3 4 6 8 11 12 14 23 26 34 39 48 49 53 
11 1 4 5 8 14 22 24 26 31 33 34 41 42 50 51 
27 1 8 10 12 13 14 15 20 21 25 32 33 36 37 40 44 47 51 
23 7 8 10 12 13 14 33 35 42 48 51 
15 14 18 21 22 27 36 40 44 
20 2 4 6 12 14 18 20 25 33 34 38 41 50 55 
24 6 9 11 13 14 17 20 23 28 29 36 43 45 48 49 
25 4 5 6 10 14 16 22 27 30 55 
18 2 14 15 17 54 55 
22 13 14 18 21 28 29 30 32 36 37 48 50 
10 3 5 7 8 14 16 17 27 29 34 42 47 51 
24 11 13 14 20 23 26 39 47 50 52 53 
19 10 14 22 25 35 37 38 50 
26 2 6 7 14 22 25 26 30 34 42 47 52 
22 11 14 23 25 29 34 36 40 46 48 50 55 
29 7 9 10 11 14 17 32 36 37 38 39 43 44 49 
21 1 14 18 25 31 33 39 41 42 47 54 55 
11 6 7 14 17 18 19 21 32 42 45 47 55 
26 9 13 14 16 17 21 26 29 30 48 50 52 
29 8 14 19 28 44 51 
24 4 14 18 20 22 25 30 31 47 48 
25 6 7 8 11 13 14 18 25 28 31 39 43 47 50 
29 5 7 10 14 15 21 28 31 
18 5 6 11 14 15 16 27 31 32 37 43 44 50 
20 7 8 13 14 18 20 30 42 47 49 51 55 
19 5 13 14 17 21 32 45 
28 1 6 14 17 19 26 29 32 33 40 43 50 54 
14 4 14 22 31 37 39 42 45 46 49 
15 8 14 18 20 31 35 39 45 
25 10 14 15 22 33 41 43 44 46 48 50 53 55 
12 3 4 5 13 14 30 43 45 55 
20 14 18 26 27 29 32 33 36 37 40 49 53 
19 4 7 8 9 12 14 16 19 22 25 30 34 36 45 
11 3 14 16 22 31 40 43 47 55 
10 3 14 17 21 25 27 28 30 34 37 39 42 45 53 
10 4 9 11 14 17 18 19 26 35 40 52 
27 1 8 12 14 27 29 34 51 
29 1 8 13 14 15 16 27 45 47 50 54 
10 2 5 9 14 24 32 42 53 
13 11 13 14 21 23 24 30 32 33 40 45 46 49 
060
12 2 8 17 23 24 34 50 53 55 56 58 
19 1 12 17 21 23 24 25 28 33 41 43 45 47 49 51 56 58 60 
21 8 11 14 17 25 26 28 32 33 37 41 50 51 54 56 58 
17 6 9 13 15 17 31 35 43 55 58 59 
21 8 9 12 15 17 18 19 22 25 28 52 60 
23 4 10 14 17 21 28 31 58 59 
24 17 21 27 29 31 36 44 45 60 
20 1 3 5 9 10 17 22 23 24 32 49 57 59 
13 4 5 8 17 20 23 37 38 39 52 60 
24 6 8 14 17 38 39 40 43 49 50 59 
22 3 13 17 26 27 28 32 41 47 52 55 58 59 60 
16 2 5 17 18 21 25 30 45 48 56 59 
12 4 11 17 20 21 34 38 45 47 49 55 
12 3 6 10 17 27 34 38 47 59 60 
16 4 5 16 17 24 25 28 37 51 54 
26 15 17 19 25 30 45 56 
24 1 2 3 4 5 6 7 8 9 10 11 12 13 14 15 16 18 19 20 21 22 23 24 25 26 27 28 29 30 31 32 33 34 35 36 37 38 39 40 41 42 43 44 45 46 47 48 49 50 51 52 53 54 55 56 57 58 59 60 
10 5 12 17 21 22 25 27 42 51 52 53 59 
25 5 16 17 23 26 27 34 35 47 53 59 60 
26 9 13 17 22 28 31 35 39 40 41 44 45 50 55 
17 2 6 7 12 13 17 18 22 23 28 31 34 46 52 60 
21 5 8 17 18 20 21 25 28 33 37 39 41 50 52 
28 1 2 8 9 17 19 21 30 31 38 41 42 43 45 57 
17 1 2 8 15 17 28 34 44 45 49 
17 2 3 5 12 15 16 17 18 22 26 27 28 31 38 39 54 57 
29 3 11 17 19 25 29 33 35 39 40 42 43 58 
29 7 11 14 17 18 19 25 31 33 39 40 50 52 
15 2 3 5 6 11 15 17 20 21 22 24 25 37 53 
12 7 17 26 33 34 35 37 40 49 53 58 59 
11 12 16 17 23 33 34 36 43 44 53 
10 4 6 7 17 20 21 23 25 27 35 37 46 47 56 
14 3 8 11 17 34 42 43 45 52 58 
22 2 3 17 22 26 27 29 30 41 42 46 60 
12 1 13 14 17 19 21 24 29 30 32 35 36 41 43 45 49 50 56 57 
22 4 17 19 20 26 29 31 34 38 43 47 55 
21 7 17 30 34 49 54 57 
15 3 9 15 17 22 28 29 31 40 41 42 43 47 48 51 57 
28 9 10 13 14 17 23 25 35 41 42 57 
25 9 10 17 20 22 25 26 27 45 49 60 
19 10 17 20 26 27 29 37 44 48 59 60 
12 2 3 11 17 20 22 23 33 34 37 38 43 50 53 54 58 
25 17 18 23 26 32 33 37 38 46 48 57 
25 2 4 10 17 23 26 30 32 34 35 37 41 47 51 58 
11 7 17 20 24 30 40 46 53 54 57 
27 2 7 12 13 16 17 20 23 24 32 34 39 47 50 53 
18 17 21 31 33 42 44 48 50 59 60 
14 2 11 13 14 17 19 31 35 37 43 45 48 52 60 
13 12 17 37 40 42 46 47 
29 2 8 10 13 17 24 29 34 36 39 57 
14 1 3 10 17 20 22 27 34 41 45 46 54 57 
26 2 3 15 17 18 37 43 55 
22 5 9 11 17 18 21 22 27 32 47 59 
18 1 17 18 19 28 29 30 41 44 45 55 
14 3 15 17 25 36 41 44 50 55 59 
24 1 4 11 13 17 20 35 51 53 54 
10 1 2 3 12 16 17 31 34 
18 8 17 23 25 34 36 37 38 42 44 49 50 
24 1 2 3 4 6 11 17 26 29 32 41 43 
17 4 6 8 10 11 12 14 17 18 19 29 40 46 52 54 
22 2 5 7 9 11 14 17 19 21 33 39 40 46 47 
065
20 10 13 14 22 23 31 33 48 55 56 58 60 
29 10 22 23 27 43 50 
24 11 17 21 22 32 33 34 42 46 50 57 62 65 
21 20 22 27 29 31 34 46 61 62 63 
26 15 16 17 18 20 22 24 27 28 31 32 46 49 52 56 58 63 65 
21 11 13 15 16 22 24 27 31 33 34 35 40 42 48 53 55 56 58 62 63 
29 19 22 31 34 37 46 48 51 54 64 
11 18 22 24 31 32 33 34 42 46 48 49 59 
25 11 14 20 22 26 35 40 47 53 56 59 63 64 
19 1 2 16 22 27 28 36 39 41 43 48 54 59 60 
24 3 6 9 12 13 16 21 22 27 35 42 43 46 50 51 56 58 63 
23 11 15 17 18 19 22 27 28 33 38 42 49 54 60 62 65 
18 1 6 11 14 19 22 26 29 39 43 45 47 58 60 63 65 
15 1 9 13 22 24 26 28 32 36 48 53 57 58 
15 5 6 12 17 20 22 24 32 37 38 42 43 44 46 47 52 53 61 
15 5 6 10 11 19 22 34 41 43 45 48 51 52 
23 3 5 12 15 20 22 24 27 30 47 51 55 64 
23 5 8 12 22 25 28 38 43 44 51 52 53 
10 7 12 13 16 21 22 30 31 32 36 61 
13 4 5 9 15 17 22 28 36 39 42 44 56 57 63 
26 3 11 19 22 27 34 35 44 46 47 49 55 58 60 64 
12 1 2 3 4 5 6 7 8 9 10 11 12 13 14 15 16 17 18 19 20 21 23 24 25 26 27 28 29 30 31 32 33 34 35 36 37 38 39 40 41 42 43 44 45 46 47 48 49 50 51 52 53 54 55 56 57 58 59 60 61 62 63 64 65 
16 1 2 22 32 49 53 59 63 64 
11 5 6 8 14 15 17 22 26 30 31 34 36 37 46 49 55 57 60 
27 18 22 30 34 43 50 56 63 
29 9 13 14 22 24 33 34 60 65 
14 2 4 5 6 10 11 12 17 21 22 34 38 40 41 46 52 57 64 
14 5 10 12 14 18 20 22 32 42 45 53 58 
16 4 13 22 37 42 57 58 62 65 
17 17 19 22 24 25 46 63 64 65 
20 1 4 5 6 7 8 19 22 24 34 35 45 57 
23 3 5 8 14 15 19 22 23 28 37 38 40 48 49 65 
29 1 3 6 8 12 22 26 39 45 46 59 63 
19 3 4 6 7 8 16 21 22 24 25 26 27 31 35 38 39 40 52 53 59 61 
27 6 9 11 21 22 31 34 46 50 53 61 
17 10 14 19 20 22 24 41 43 49 51 52 56 57 60 
29 7 15 22 24 29 32 39 43 47 50 59 61 62 
11 12 15 18 22 27 32 34 41 43 47 56 57 
24 10 13 20 22 33 34 37 41 45 46 50 51 57 58 65 
29 6 9 22 27 32 34 46 52 54 59 61 62 
14 10 16 22 27 36 38 39 43 47 49 51 57 62 
14 3 6 8 11 12 15 20 22 28 29 44 47 49 53 59 63 64 65 
26 2 10 11 13 15 16 18 22 25 36 37 38 41 53 54 56 62 
26 15 18 20 21 22 42 49 50 51 52 53 
10 13 16 22 28 31 33 39 49 52 56 57 
15 3 4 5 7 8 11 15 21 22 24 27 30 33 35 39 40 53 56 62 63 
29 9 13 15 17 21 22 37 38 41 42 52 
20 1 6 7 8 10 14 16 22 32 52 54 62 
10 5 8 12 21 22 23 24 32 36 41 42 44 45 55 58 
17 2 3 11 22 25 35 37 39 44 52 54 56 59 
20 7 11 16 17 18 22 36 39 41 44 57 63 
20 5 15 16 18 22 27 34 36 40 44 45 47 48 50 62 65 
25 6 9 14 15 18 22 23 28 34 35 42 43 44 46 54 
28 7 10 12 22 40 43 48 50 53 60 63 64 
29 1 6 17 21 22 24 49 57 60 
27 1 5 6 9 11 20 22 25 36 38 43 45 46 50 59 60 61 65 
25 3 14 20 22 24 27 29 31 36 38 39 41 45 51 55 58 59 63 
26 1 5 6 11 13 14 21 22 28 29 39 49 57 
12 8 9 10 22 23 33 34 37 40 42 50 56 57 61 
25 1 10 12 13 21 22 24 26 36 54 55 56 62 
22 4 15 19 22 34 35 37 40 56 59 
18 3 4 6 12 22 29 37 40 41 43 46 48 52 60 65 
17 4 5 6 9 11 13 20 22 23 25 30 33 42 46 51 54 57 64 
26 7 9 17 21 22 23 27 30 42 54 63 
29 3 5 12 13 22 26 29 30 32 39 42 52 56 62 
0
