40
69 4 19 26 35 
37 13 35 
20 35 
95 1 10 32 35 
86 16 35 
54 35 36 38 
80 29 35 
87 24 29 35 
80 35 
57 4 26 31 35 
89 35 
52 35 
72 2 15 35 36 
40 19 35 
22 13 35 
31 5 35 
15 23 24 30 32 35 40 
47 35 36 
93 1 14 27 33 35 38 
89 21 24 35 
60 20 35 40 
34 35 
14 17 30 32 35 38 
89 8 17 20 35 
50 35 37 
72 1 10 35 
13 19 35 
52 33 35 36 
94 7 8 33 35 
14 17 23 35 
17 10 35 
66 4 17 23 35 
83 19 28 29 35 
52 35 
23 1 2 3 4 5 6 7 8 9 10 11 12 13 14 15 16 17 18 19 20 21 22 23 24 25 26 27 28 29 30 31 32 33 34 36 37 38 39 40 
15 6 13 18 28 35 38 
33 25 35 
57 6 19 23 35 36 
96 35 
48 17 21 35 
40
69 4 9 14 19 20 26 35 
37 11 13 34 35 
20 4 32 35 40 
95 1 3 9 10 12 25 32 34 35 
86 9 12 16 19 35 
54 26 35 36 38 
80 16 18 29 35 
87 24 28 29 35 37 
80 1 4 5 31 35 36 39 
57 4 16 26 31 35 40 
89 2 12 19 27 32 35 
52 4 5 11 21 26 28 35 
72 2 15 27 35 36 
40 1 19 23 27 35 36 39 
22 13 21 24 29 32 35 
31 5 7 10 29 35 37 
15 23 24 30 32 35 40 
47 7 27 35 36 
93 1 5 11 14 27 28 33 34 35 38 
89 1 21 24 35 38 39 
60 12 15 20 25 32 35 40 
34 28 30 32 35 38 
14 14 17 28 30 32 35 38 
89 8 15 17 20 33 35 37 
50 4 21 31 32 35 37 
72 1 6 10 12 28 29 35 38 
13 11 13 14 18 19 35 
52 8 12 19 22 23 26 33 35 36 
94 7 8 15 16 26 33 35 
14 17 22 23 35 
17 9 10 25 35 39 
66 3 4 11 15 17 21 22 23 25 35 
83 19 24 28 29 35 40 
52 2 4 19 35 
23 1 2 3 4 5 6 7 8 9 10 11 12 13 14 15 16 17 18 19 20 21 22 23 24 25 26 27 28 29 30 31 32 33 34 36 37 38 39 40 
15 6 9 13 14 18 28 35 38 
33 8 16 24 25 35 38 
57 6 19 20 22 23 26 35 36 37 
96 9 14 20 31 35 40 
48 3 10 17 21 33 35 39 
40
69 4 9 14 19 20 26 27 35 
37 10 11 13 15 17 22 28 34 35 
20 4 32 35 40 
95 1 3 8 9 10 12 14 18 25 26 29 32 34 35 
86 6 9 12 14 16 19 35 
54 5 8 10 26 27 31 35 36 37 38 
80 16 18 29 35 36 40 
87 4 6 17 22 24 26 28 29 35 37 
80 1 4 5 31 35 36 39 
57 2 4 6 12 16 26 31 35 36 40 
89 2 12 15 19 24 27 32 35 
52 4 5 10 11 21 24 26 28 35 
72 2 15 21 27 29 35 36 
40 1 4 5 17 18 19 21 23 27 35 36 39 
22 2 11 13 17 19 20 21 24 29 32 35 
31 5 7 10 29 35 37 40 
15 2 8 14 15 23 24 30 32 35 38 40 
47 4 7 14 27 28 35 36 
93 1 5 11 14 15 25 27 28 33 34 35 38 40 
89 1 15 21 24 34 35 38 39 
60 12 13 14 15 20 25 31 32 35 39 40 
34 2 8 28 30 32 35 38 
14 14 17 28 29 30 32 35 37 38 
89 8 11 12 15 17 20 26 28 30 33 35 37 
50 4 19 21 31 32 35 37 
72 1 4 6 8 10 12 24 28 29 35 38 39 
13 1 6 11 13 14 18 19 35 
52 2 8 12 18 19 22 23 24 26 33 35 36 40 
94 4 7 8 13 15 16 23 26 31 33 34 35 40 
14 17 22 23 24 31 32 33 35 38 
17 6 9 10 21 25 29 30 35 39 
66 3 4 11 15 17 21 22 23 25 30 35 36 37 
83 19 24 28 29 30 35 40 
52 2 4 19 20 29 35 36 
23 1 2 3 4 5 6 7 8 9 10 11 12 13 14 15 16 17 18 19 20 21 22 23 24 25 26 27 28 29 30 31 32 33 34 36 37 38 39 40 
15 6 7 9 10 13 14 18 28 32 34 35 38 
33 6 8 16 23 24 25 32 35 38 39 
57 6 17 19 20 22 23 26 30 35 36 37 
96 9 14 20 21 26 31 35 37 40 
48 3 7 10 16 17 19 21 28 29 33 35 39 
40
69 4 9 14 19 20 26 27 35 39 
37 4 9 10 11 13 15 17 22 23 24 28 34 35 
20 4 6 9 32 35 40 
95 1 2 3 8 9 10 12 14 18 20 23 25 26 29 32 34 35 37 
86 6 9 12 14 16 19 26 35 
54 3 5 8 10 23 24 26 27 28 29 31 35 36 37 38 
80 10 16 18 19 23 29 35 36 40 
87 4 6 17 22 24 26 28 29 35 37 
80 1 2 3 4 5 11 24 26 31 35 36 39 
57 2 4 6 7 12 16 22 26 31 35 36 38 40 
89 2 9 12 15 19 21 24 27 32 35 
52 4 5 10 11 13 14 19 21 24 26 28 35 
72 2 12 15 18 21 27 29 30 35 36 
40 1 4 5 12 17 18 19 21 23 26 27 31 35 36 37 39 
22 2 11 13 17 19 20 21 22 24 29 30 32 35 
31 5 7 10 20 29 35 37 40 
15 2 8 14 15 19 23 24 29 30 32 35 38 40 
47 4 7 13 14 27 28 32 35 36 
93 1 5 7 11 12 14 15 17 22 25 27 28 30 33 34 35 36 38 40 
89 1 4 15 16 21 24 26 27 34 35 36 38 39 
60 11 12 13 14 15 20 25 31 32 35 38 39 40 
34 2 8 10 15 19 27 28 30 32 35 38 
14 2 4 6 7 14 17 28 29 30 32 35 37 38 
89 2 6 8 9 11 12 15 17 20 26 28 30 33 35 36 37 
50 4 19 21 28 29 31 32 35 37 
72 1 4 5 6 8 9 10 12 14 20 24 28 29 35 38 39 
13 1 6 11 13 14 18 19 20 22 35 
52 2 6 8 12 18 19 22 23 24 25 26 33 35 36 38 40 
94 4 6 7 8 13 15 16 17 23 25 26 31 33 34 35 40 
14 13 15 17 19 22 23 24 31 32 33 35 38 
17 6 9 10 14 21 25 29 30 35 39 
66 3 4 11 15 17 18 21 22 23 25 30 35 36 37 
83 19 24 28 29 30 35 38 40 
52 2 4 19 20 29 35 36 
23 1 2 3 4 5 6 7 8 9 10 11 12 13 14 15 16 17 18 19 20 21 22 23 24 25 26 27 28 29 30 31 32 33 34 36 37 38 39 40 
15 6 7 9 10 13 14 18 19 20 24 28 32 34 35 38 40 
33 4 6 8 14 16 23 24 25 32 35 38 39 
57 6 10 17 19 20 21 22 23 26 28 30 33 35 36 37 
96 1 9 14 20 21 26 31 35 37 40 
48 3 7 10 16 17 19 21 28 29 33 35 36 39 
40
69 4 9 14 19 20 21 23 25 26 27 35 39 
37 4 9 10 11 13 15 17 22 23 24 28 34 35 
20 4 6 7 9 32 35 40 
95 1 2 3 8 9 10 12 13 14 18 20 23 25 26 29 32 34 35 37 
86 6 9 11 12 14 16 19 26 35 37 
54 3 5 8 10 12 23 24 26 27 28 29 31 35 36 37 38 39 
80 3 8 9 10 16 18 19 23 26 29 31 35 36 39 40 
87 4 6 7 13 14 17 21 22 24 25 26 28 29 34 35 37 
80 1 2 3 4 5 7 11 24 26 31 33 35 36 39 40 
57 2 4 6 7 12 16 22 26 31 35 36 38 40 
89 2 5 9 12 15 17 19 21 24 27 32 35 37 
52 4 5 6 10 11 13 14 17 19 21 24 26 28 35 
72 2 4 8 12 15 16 17 18 21 27 29 30 35 36 37 
40 1 4 5 8 12 16 17 18 19 21 23 26 27 31 35 36 37 39 
22 2 11 13 17 19 20 21 22 24 29 30 32 35 
31 5 7 10 13 14 20 27 29 31 35 37 39 40 
15 2 8 11 12 13 14 15 19 23 24 25 27 29 30 31 32 35 36 38 40 
47 4 7 13 14 27 28 32 35 36 38 
93 1 5 7 11 12 14 15 17 21 22 25 27 28 30 33 34 35 36 38 40 
89 1 4 15 16 21 23 24 25 26 27 34 35 36 38 39 
60 1 8 11 12 13 14 15 19 20 25 31 32 33 35 38 39 40 
34 2 8 10 15 19 27 28 30 32 35 38 40 
14 1 2 4 6 7 14 17 20 28 29 30 32 34 35 37 38 
89 2 6 8 9 11 12 15 17 20 26 28 30 33 35 36 37 
50 1 4 8 17 19 20 21 28 29 31 32 35 37 
72 1 4 5 6 7 8 9 10 12 14 20 24 28 29 33 35 37 38 39 
13 1 6 11 13 14 16 17 18 19 20 22 35 
52 2 6 8 12 18 19 22 23 24 25 26 33 35 36 38 40 
94 4 6 7 8 13 15 16 17 23 25 26 31 33 34 35 40 
14 13 15 17 19 22 23 24 31 32 33 35 38 
17 6 7 9 10 14 16 17 21 25 29 30 35 38 39 
66 3 4 11 15 17 18 21 22 23 25 30 35 36 37 
83 9 19 21 24 26 28 29 30 35 36 38 40 
52 2 4 8 19 20 23 29 35 36 
23 1 2 3 4 5 6 7 8 9 10 11 12 13 14 15 16 17 18 19 20 21 22 23 24 25 26 27 28 29 30 31 32 33 34 36 37 38 39 40 
15 6 7 9 10 13 14 17 18 19 20 24 28 32 33 34 35 37 38 40 
33 4 5 6 8 11 13 14 16 23 24 25 26 32 35 36 38 39 
57 6 10 17 18 19 20 21 22 23 26 28 30 31 33 35 36 37 40 
96 1 6 7 9 14 16 20 21 26 31 35 37 40 
48 3 7 9 10 16 17 19 21 22 28 29 33 35 36 38 39 
40
69 4 9 14 19 20 21 23 25 26 27 32 34 35 39 
37 4 9 10 11 13 15 17 22 23 24 28 34 35 
20 4 6 7 9 12 32 35 40 
95 1 2 3 8 9 10 12 13 14 16 18 20 23 24 25 26 28 29 32 34 35 37 
86 6 9 11 12 14 16 19 26 35 37 
54 3 5 8 10 12 23 24 26 27 28 29 31 35 36 37 38 39 
80 3 8 9 10 16 18 19 23 26 29 31 35 36 39 40 
87 4 6 7 11 13 14 17 21 22 24 25 26 28 29 30 34 35 37 
80 1 2 3 4 5 7 11 16 24 26 31 33 35 36 39 40 
57 2 4 6 7 12 16 22 26 31 35 36 38 40 
89 2 5 8 9 12 15 17 19 21 24 27 32 35 37 
52 3 4 5 6 10 11 13 14 16 17 19 21 24 26 28 33 35 
72 2 4 8 12 14 15 16 17 18 21 24 27 29 30 35 36 37 
40 1 4 5 8 12 13 16 17 18 19 21 23 26 27 31 34 35 36 37 39 
22 2 11 13 17 19 20 21 22 24 28 29 30 32 34 35 
31 4 5 7 9 10 12 13 14 20 27 29 31 35 37 39 40 
15 2 8 11 12 13 14 15 19 21 23 24 25 27 29 30 31 32 35 36 38 40 
47 4 7 13 14 24 27 28 32 35 36 38 
93 1 5 7 11 12 14 15 17 21 22 25 26 27 28 30 31 33 34 35 36 38 40 
89 1 4 15 16 21 23 24 25 26 27 34 35 36 38 39 
60 1 8 11 12 13 14 15 17 19 20 25 26 31 32 33 35 38 39 40 
34 2 8 10 15 19 26 27 28 29 30 32 35 38 40 
14 1 2 4 6 7 14 17 20 26 28 29 30 32 34 35 37 38 
89 2 4 6 8 9 11 12 13 15 17 18 20 26 28 29 30 32 33 35 36 37 
50 1 4 8 17 19 20 21 28 29 31 32 35 37 40 
72 1 4 5 6 7 8 9 10 12 14 19 20 21 22 23 24 28 29 33 35 37 38 39 
13 1 6 11 13 14 16 17 18 19 20 22 35 
52 2 4 6 8 12 15 18 19 22 23 24 25 26 32 33 35 36 38 40 
94 4 6 7 8 13 15 16 17 22 23 24 25 26 31 32 33 34 35 37 40 
14 8 13 15 17 19 22 23 24 31 32 33 35 38 40 
17 6 7 9 10 14 16 17 19 21 25 29 30 35 38 39 
66 1 3 4 11 15 17 18 21 22 23 24 25 28 29 30 35 36 37 
83 9 12 19 21 24 26 28 29 30 35 36 38 40 
52 1 2 4 8 14 15 19 20 23 29 35 36 38 39 
23 1 2 3 4 5 6 7 8 9 10 11 12 13 14 15 16 17 18 19 20 21 22 23 24 25 26 27 28 29 30 31 32 33 34 36 37 38 39 40 
15 6 7 9 10 13 14 17 18 19 20 24 28 32 33 34 35 37 38 40 
33 4 5 6 8 11 13 14 16 23 24 25 26 29 32 35 36 38 39 
57 6 10 17 18 19 20 21 22 23 26 28 30 31 33 34 35 36 37 40 
96 1 6 7 9 14 16 20 21 26 31 34 35 37 40 
48 3 7 9 10 16 17 19 21 22 25 28 29 30 33 35 36 38 39 
40
69 4 5 6 7 9 13 14 17 18 19 20 21 23 24 25 26 27 28 32 34 35 39 
37 4 9 10 11 13 15 17 21 22 23 24 28 34 35 36 
20 4 6 7 9 12 28 30 32 35 37 40 
95 1 2 3 8 9 10 12 13 14 16 18 20 23 24 25 26 27 28 29 32 34 35 37 
86 1 6 7 9 10 11 12 14 16 19 26 35 36 37 
54 1 3 5 8 10 12 23 24 26 27 28 29 31 35 36 37 38 39 
80 1 3 5 8 9 10 16 18 19 21 23 25 26 29 31 35 36 39 40 
87 4 6 7 10 11 13 14 17 21 22 24 25 26 28 29 30 34 35 37 
80 1 2 3 4 5 7 11 14 16 22 24 26 31 33 35 36 39 40 
57 2 4 5 6 7 8 12 16 19 22 25 26 31 35 36 38 40 
89 2 5 8 9 12 15 17 19 20 21 24 25 27 32 35 37 
52 3 4 5 6 10 11 13 14 16 17 19 21 24 25 26 28 33 35 37 
72 1 2 4 8 12 14 15 16 17 18 21 22 24 27 29 30 35 36 37 40 
40 1 4 5 8 9 12 13 16 17 18 19 21 23 26 27 31 34 35 36 37 39 
22 2 11 13 17 19 20 21 22 24 28 29 30 32 34 35 
31 4 5 7 9 10 12 13 14 17 20 27 29 31 35 37 39 40 
15 1 2 8 11 12 13 14 15 16 19 21 23 24 25 27 29 30 31 32 35 36 38 40 
47 1 4 7 13 14 24 25 27 28 30 32 35 36 38 
93 1 5 7 10 11 12 14 15 17 21 22 25 26 27 28 30 31 33 34 35 36 38 40 
89 1 4 11 15 16 21 23 24 25 26 27 29 32 34 35 36 38 39 
60 1 2 7 8 11 12 13 14 15 17 19 20 25 26 31 32 33 35 38 39 40 
34 2 8 9 10 13 15 19 26 27 28 29 30 32 35 38 39 40 
14 1 2 4 6 7 14 17 20 26 28 29 30 32 34 35 37 38 
89 1 2 4 6 8 9 11 12 13 15 17 18 20 26 28 29 30 32 33 35 36 37 
50 1 4 7 8 10 11 12 17 18 19 20 21 26 28 29 30 31 32 35 37 40 
72 1 4 5 6 7 8 9 10 12 14 19 20 21 22 23 24 25 28 29 33 35 37 38 39 
13 1 4 6 11 13 14 16 17 18 19 20 22 31 34 35 
52 1 2 3 4 6 8 12 15 18 19 22 23 24 25 26 32 33 35 36 38 40 
94 4 6 7 8 13 15 16 17 20 22 23 24 25 26 31 32 33 34 35 37 40 
14 3 8 13 15 17 18 19 22 23 24 25 31 32 33 35 38 40 
17 6 7 9 10 14 16 17 19 21 25 27 29 30 32 35 38 39 
66 1 3 4 11 15 17 18 20 21 22 23 24 25 28 29 30 31 35 36 37 
83 9 12 19 21 24 26 28 29 30 34 35 36 38 40 
52 1 2 4 8 14 15 19 20 23 27 29 33 35 36 38 39 
23 1 2 3 4 5 6 7 8 9 10 11 12 13 14 15 16 17 18 19 20 21 22 23 24 25 26 27 28 29 30 31 32 33 34 36 37 38 39 40 
15 2 5 6 7 9 10 13 14 17 18 19 20 24 28 32 33 34 35 37 38 40 
33 3 4 5 6 8 11 12 13 14 16 23 24 25 26 29 32 35 36 38 39 
57 6 10 17 18 19 20 21 22 23 26 28 30 31 33 34 35 36 37 39 40 
96 1 6 7 9 14 16 20 21 22 26 31 34 35 37 38 40 
48 3 7 9 10 13 16 17 19 21 22 25 28 29 30 33 35 36 38 39 
40
69 4 5 6 7 9 12 13 14 17 18 19 20 21 23 24 25 26 27 28 32 34 35 39 
37 4 9 10 11 13 15 17 21 22 23 24 27 28 29 31 34 35 36 39 40 
20 4 6 7 9 12 28 30 32 35 37 40 
95 1 2 3 6 8 9 10 12 13 14 16 18 20 23 24 25 26 27 28 29 32 34 35 37 
86 1 6 7 9 10 11 12 14 16 19 26 27 31 34 35 36 37 40 
54 1 3 4 5 8 10 12 18 23 24 26 27 28 29 31 35 36 37 38 39 
80 1 3 5 8 9 10 13 16 18 19 20 21 23 25 26 27 29 31 35 36 39 40 
87 4 6 7 10 11 13 14 17 21 22 24 25 26 28 29 30 34 35 37 
80 1 2 3 4 5 7 11 14 16 22 24 26 28 31 33 35 36 39 40 
57 2 4 5 6 7 8 12 13 16 19 22 23 25 26 31 35 36 38 40 
89 2 5 8 9 12 15 17 19 20 21 24 25 26 27 30 32 34 35 37 
52 1 3 4 5 6 10 11 13 14 16 17 18 19 21 22 24 25 26 28 30 33 35 37 
72 1 2 4 7 8 10 12 14 15 16 17 18 21 22 24 27 29 30 35 36 37 40 
40 1 4 5 8 9 12 13 16 17 18 19 21 23 26 27 31 32 34 35 36 37 39 
22 2 11 13 17 19 20 21 22 24 28 29 30 32 34 35 
31 4 5 7 9 10 12 13 14 17 20 21 27 29 31 35 37 39 40 
15 1 2 8 11 12 13 14 15 16 19 21 23 24 25 26 27 29 30 31 32 35 36 38 40 
47 1 4 6 7 12 13 14 24 25 27 28 30 32 35 36 38 
93 1 5 7 10 11 12 14 15 17 21 22 24 25 26 27 28 30 31 33 34 35 36 38 40 
89 1 4 7 11 15 16 21 22 23 24 25 26 27 29 32 34 35 36 38 39 
60 1 2 7 8 11 12 13 14 15 16 17 19 20 25 26 31 32 33 35 38 39 40 
34 2 8 9 10 12 13 15 19 20 26 27 28 29 30 32 35 38 39 40 
14 1 2 4 6 7 10 14 17 20 26 28 29 30 32 34 35 37 38 
89 1 2 4 6 8 9 11 12 13 15 17 18 19 20 26 28 29 30 32 33 35 36 37 
50 1 4 7 8 10 11 12 17 18 19 20 21 26 28 29 30 31 32 35 37 40 
72 1 4 5 6 7 8 9 10 11 12 14 17 19 20 21 22 23 24 25 28 29 33 35 37 38 39 
13 1 2 4 5 6 7 11 13 14 16 17 18 19 20 22 31 34 35 
52 1 2 3 4 6 8 9 12 15 18 19 22 23 24 25 26 32 33 35 36 38 40 
94 2 4 6 7 8 13 15 16 17 20 22 23 24 25 26 31 32 33 34 35 37 40 
14 3 8 11 12 13 15 17 18 19 22 23 24 25 31 32 33 35 38 40 
17 2 5 6 7 9 10 14 16 17 19 21 25 27 29 30 32 33 35 38 39 
66 1 3 4 11 14 15 17 18 20 21 22 23 24 25 28 29 30 31 35 36 37 
83 9 12 19 21 24 26 28 29 30 31 34 35 36 38 40 
52 1 2 4 5 8 11 14 15 19 20 23 27 29 33 35 36 37 38 39 
23 1 2 3 4 5 6 7 8 9 10 11 12 13 14 15 16 17 18 19 20 21 22 23 24 25 26 27 28 29 30 31 32 33 34 36 37 38 39 40 
15 2 5 6 7 9 10 13 14 17 18 19 20 24 28 32 33 34 35 37 38 40 
33 3 4 5 6 8 11 12 13 14 16 23 24 25 26 29 32 34 35 36 38 39 
57 6 10 17 18 19 20 21 22 23 26 28 30 31 33 34 35 36 37 39 40 
96 1 2 6 7 9 14 16 20 21 22 26 31 34 35 37 38 40 
48 2 3 5 7 9 10 13 16 17 19 21 22 25 28 29 30 33 35 36 38 39 
40
69 4 5 6 7 9 10 12 13 14 17 18 19 20 21 23 24 25 26 27 28 32 33 34 35 39 
37 4 5 9 10 11 13 15 17 21 22 23 24 27 28 29 31 34 35 36 39 40 
20 4 6 7 9 12 28 29 30 32 35 37 40 
95 1 2 3 5 6 8 9 10 12 13 14 16 18 20 21 23 24 25 26 27 28 29 32 34 35 37 
86 1 2 4 6 7 9 10 11 12 14 16 19 22 26 27 31 34 35 36 37 40 
54 1 3 4 5 8 10 12 17 18 23 24 26 27 28 29 31 35 36 37 38 39 
80 1 3 5 8 9 10 12 13 16 18 19 20 21 23 25 26 27 28 29 31 34 35 36 39 40 
87 4 6 7 10 11 13 14 16 17 20 21 22 24 25 26 27 28 29 30 34 35 36 37 
80 1 2 3 4 5 7 10 11 14 16 22 24 26 28 29 31 33 34 35 36 39 40 
57 1 2 4 5 6 7 8 9 11 12 13 16 19 20 21 22 23 25 26 31 35 36 38 40 
89 2 5 8 9 10 12 14 15 17 19 20 21 24 25 26 27 30 32 34 35 36 37 
52 1 3 4 5 6 7 10 11 13 14 16 17 18 19 21 22 23 24 25 26 28 30 33 35 37 
72 1 2 4 7 8 10 12 14 15 16 17 18 21 22 24 27 29 30 35 36 37 40 
40 1 4 5 8 9 11 12 13 16 17 18 19 21 23 26 27 31 32 34 35 36 37 39 40 
22 2 11 13 17 19 20 21 22 24 28 29 30 32 34 35 
31 4 5 7 8 9 10 12 13 14 17 18 20 21 27 29 30 31 35 37 39 40 
15 1 2 6 8 11 12 13 14 15 16 19 21 23 24 25 26 27 29 30 31 32 35 36 38 40 
47 1 4 6 7 12 13 14 16 24 25 27 28 30 32 35 36 38 40 
93 1 5 7 10 11 12 14 15 17 21 22 24 25 26 27 28 30 31 33 34 35 36 38 40 
89 1 4 7 8 10 11 15 16 21 22 23 24 25 26 27 29 32 34 35 36 38 39 
60 1 2 4 7 8 10 11 12 13 14 15 16 17 19 20 25 26 31 32 33 35 38 39 40 
34 2 5 8 9 10 12 13 15 19 20 26 27 28 29 30 32 35 37 38 39 40 
14 1 2 4 6 7 10 12 14 17 20 26 28 29 30 32 33 34 35 37 38 
89 1 2 4 6 8 9 11 12 13 15 17 18 19 20 26 27 28 29 30 32 33 35 36 37 
50 1 4 7 8 10 11 12 17 18 19 20 21 26 28 29 30 31 32 35 37 40 
72 1 4 5 6 7 8 9 10 11 12 14 17 19 20 21 22 23 24 25 27 28 29 33 35 37 38 39 
13 1 2 4 5 6 7 8 11 13 14 16 17 18 19 20 22 24 26 30 31 34 35 40 
52 1 2 3 4 6 7 8 9 12 15 18 19 22 23 24 25 26 32 33 35 36 37 38 39 40 
94 2 3 4 6 7 8 9 13 15 16 17 20 22 23 24 25 26 31 32 33 34 35 37 39 40 
14 3 8 11 12 13 15 16 17 18 19 22 23 24 25 27 31 32 33 35 38 40 
17 2 5 6 7 9 10 14 16 17 19 21 25 27 29 30 32 33 35 36 38 39 
66 1 3 4 11 14 15 17 18 20 21 22 23 24 25 28 29 30 31 35 36 37 
83 1 9 12 19 21 23 24 26 28 29 30 31 34 35 36 37 38 40 
52 1 2 4 5 7 8 9 11 14 15 19 20 23 27 29 33 35 36 37 38 39 
23 1 2 3 4 5 6 7 8 9 10 11 12 13 14 15 16 17 18 19 20 21 22 23 24 25 26 27 28 29 30 31 32 33 34 36 37 38 39 40 
15 2 5 6 7 8 9 10 11 13 14 17 18 19 20 24 28 31 32 33 34 35 37 38 40 
33 3 4 5 6 8 11 12 13 14 16 22 23 24 25 26 28 29 32 33 34 35 36 38 39 
57 6 10 17 18 19 20 21 22 23 26 28 30 31 33 34 35 36 37 39 40 
96 1 2 6 7 9 14 16 20 21 22 26 28 29 31 34 35 37 38 40 
48 2 3 5 7 9 10 13 14 16 17 18 19 21 22 25 27 28 29 30 33 35 36 38 39 
40
69 2 4 5 6 7 9 10 12 13 14 17 18 19 20 21 23 24 25 26 27 28 32 33 34 35 39 
37 1 3 4 5 9 10 11 13 15 17 21 22 23 24 27 28 29 30 31 34 35 36 39 40 
20 2 4 6 7 9 11 12 19 23 28 29 30 32 35 37 40 
95 1 2 3 5 6 8 9 10 12 13 14 16 18 20 21 23 24 25 26 27 28 29 32 34 35 37 
86 1 2 4 6 7 9 10 11 12 14 16 19 22 26 27 28 31 34 35 36 37 40 
54 1 3 4 5 8 10 12 17 18 23 24 25 26 27 28 29 31 35 36 37 38 39 
80 1 3 5 8 9 10 12 13 14 16 18 19 20 21 23 25 26 27 28 29 31 34 35 36 37 39 40 
87 4 6 7 10 11 13 14 16 17 20 21 22 24 25 26 27 28 29 30 34 35 36 37 39 
80 1 2 3 4 5 7 10 11 14 16 22 24 26 28 29 31 33 34 35 36 39 40 
57 1 2 4 5 6 7 8 9 11 12 13 15 16 19 20 21 22 23 25 26 29 31 34 35 36 38 40 
89 2 3 5 8 9 10 12 14 15 17 19 20 21 24 25 26 27 30 32 34 35 36 37 38 
52 1 3 4 5 6 7 10 11 13 14 16 17 18 19 21 22 23 24 25 26 27 28 30 33 35 36 37 
72 1 2 4 7 8 10 12 14 15 16 17 18 21 22 24 27 29 30 35 36 37 40 
40 1 4 5 7 8 9 11 12 13 16 17 18 19 21 23 26 27 30 31 32 34 35 36 37 39 40 
22 2 10 11 13 17 19 20 21 22 24 28 29 30 31 32 34 35 
31 4 5 7 8 9 10 12 13 14 17 18 20 21 27 29 30 31 35 37 39 40 
15 1 2 6 8 11 12 13 14 15 16 19 21 23 24 25 26 27 29 30 31 32 35 36 38 40 
47 1 4 6 7 12 13 14 16 24 25 27 28 30 32 35 36 37 38 40 
93 1 3 5 7 10 11 12 14 15 17 21 22 24 25 26 27 28 30 31 33 34 35 36 38 40 
89 1 4 7 8 10 11 15 16 21 22 23 24 25 26 27 29 30 32 34 35 36 38 39 
60 1 2 4 7 8 10 11 12 13 14 15 16 17 19 20 24 25 26 31 32 33 35 38 39 40 
34 2 5 8 9 10 12 13 15 19 20 26 27 28 29 30 32 35 37 38 39 40 
14 1 2 3 4 6 7 10 12 14 17 20 26 28 29 30 32 33 34 35 37 38 
89 1 2 4 6 8 9 11 12 13 15 17 18 19 20 21 26 27 28 29 30 32 33 35 36 37 
50 1 4 6 7 8 10 11 12 17 18 19 20 21 26 28 29 30 31 32 35 37 40 
72 1 4 5 6 7 8 9 10 11 12 14 17 19 20 21 22 23 24 25 27 28 29 33 35 37 38 39 
13 1 2 4 5 6 7 8 11 12 13 14 16 17 18 19 20 22 24 26 30 31 34 35 40 
52 1 2 3 4 5 6 7 8 9 12 15 18 19 22 23 24 25 26 32 33 35 36 37 38 39 40 
94 2 3 4 6 7 8 9 10 13 15 16 17 20 22 23 24 25 26 31 32 33 34 35 37 39 40 
14 2 3 8 11 12 13 14 15 16 17 18 19 20 22 23 24 25 27 31 32 33 35 36 38 40 
17 2 5 6 7 9 10 14 15 16 17 19 21 25 27 29 30 32 33 35 36 38 39 
66 1 3 4 11 14 15 17 18 20 21 22 23 24 25 28 29 30 31 35 36 37 
83 1 9 12 19 21 23 24 26 28 29 30 31 34 35 36 37 38 40 
52 1 2 4 5 7 8 9 10 11 14 15 19 20 23 27 29 33 35 36 37 38 39 
23 1 2 3 4 5 6 7 8 9 10 11 12 13 14 15 16 17 18 19 20 21 22 23 24 25 26 27 28 29 30 31 32 33 34 36 37 38 39 40 
15 2 5 6 7 8 9 10 11 12 13 14 17 18 19 20 24 28 30 31 32 33 34 35 37 38 40 
33 3 4 5 6 7 8 11 12 13 14 16 18 22 23 24 25 26 28 29 32 33 34 35 36 38 39 
57 6 10 11 17 18 19 20 21 22 23 26 28 30 31 33 34 35 36 37 39 40 
96 1 2 6 7 8 9 14 16 20 21 22 26 28 29 31 34 35 37 38 40 
48 2 3 5 7 9 10 13 14 16 17 18 19 21 22 25 27 28 29 30 33 35 36 38 39 
0