30
32 2 4 6 14 17 18 19 20 
73 1 4 7 25 26 29 
12 4 7 13 14 15 16 18 22 27 28 
34 1 2 3 5 6 7 8 9 10 11 12 13 14 15 16 17 18 19 20 21 22 23 24 25 26 27 28 29 30 
75 4 10 11 13 19 22 23 24 26 
46 1 4 10 13 17 21 25 26 28 29 
24 2 3 4 8 9 10 11 15 23 25 26 27 
23 4 7 15 16 23 
44 4 7 16 18 22 23 26 27 28 29 
19 4 5 6 7 16 23 25 27 28 30 
39 4 5 7 13 14 16 21 22 23 
95 4 15 22 24 
98 3 4 5 6 11 15 16 17 20 22 23 26 29 
92 1 3 4 11 15 22 27 28 30 
13 3 4 7 8 12 13 14 16 17 18 23 25 26 28 
84 3 4 8 9 10 11 13 15 19 27 28 29 
48 1 4 6 13 15 21 25 30 
94 1 3 4 9 15 19 21 24 25 28 30 
62 1 4 5 16 18 22 23 26 
34 1 4 13 24 
11 4 6 11 17 18 26 28 
21 3 4 5 9 11 12 13 14 19 25 30 
19 4 5 7 8 9 10 11 13 15 19 26 
23 4 5 12 18 20 25 28 29 
98 2 4 6 7 10 15 17 18 22 24 
83 2 4 5 6 7 9 13 15 19 21 23 27 30 
17 3 4 7 9 10 14 16 26 
60 3 4 6 9 10 14 15 16 18 21 24 
83 2 4 6 9 13 16 24 
28 4 10 14 17 18 22 26 
0