90
74 3 9 10 11 19 20 24 26 29 30 34 35 38 42 45 46 47 56 57 63 64 65 66 67 69 71 73 76 77 80 83 88 89 
20 4 5 7 8 9 11 12 14 18 19 21 24 26 27 38 47 48 49 50 64 66 67 68 72 76 78 82 85 86 
12 1 4 6 12 14 18 22 23 28 35 36 38 40 41 48 56 59 60 61 62 63 64 69 71 72 73 74 75 76 77 82 83 85 86 88 89 
60 2 3 9 11 14 16 18 23 25 27 28 29 33 34 35 37 38 39 40 41 44 53 54 57 62 63 64 65 70 72 74 80 86 89 
83 2 7 11 12 13 15 20 21 24 27 39 43 44 47 50 52 53 54 57 58 64 67 70 79 80 82 86 87 88 89 
94 3 15 21 31 32 35 41 44 46 47 51 54 64 66 68 71 72 77 81 83 87 88 
98 2 5 14 15 17 20 25 26 29 35 38 39 40 44 45 47 51 59 60 61 64 65 66 68 74 76 85 89 90 
54 2 9 11 16 19 22 23 26 34 40 44 51 54 57 59 60 61 64 74 75 76 77 78 80 87 89 
62 1 2 4 8 13 14 15 16 17 24 33 34 36 41 43 44 50 57 58 63 64 65 67 75 82 83 85 
15 1 13 16 17 18 27 32 33 36 40 48 52 56 57 61 64 66 67 69 70 74 80 89 
24 1 2 4 5 8 13 16 20 21 22 23 26 28 29 30 33 37 41 46 47 49 50 52 53 58 59 64 67 69 70 71 72 73 75 76 78 80 84 87 89 
19 2 3 5 13 22 24 25 29 32 34 36 37 42 47 49 50 55 59 60 62 63 64 65 72 74 76 80 82 85 88 90 
67 5 9 10 11 12 16 26 27 28 30 34 36 38 39 42 43 46 47 49 50 52 54 57 60 64 67 68 75 78 79 83 90 
29 2 3 4 7 9 18 21 22 25 28 29 34 36 41 45 47 50 51 53 59 60 63 64 65 71 79 80 81 89 
25 5 6 7 9 16 17 20 22 27 29 31 32 34 36 39 41 45 46 50 53 60 64 68 70 71 73 79 87 
16 4 8 9 10 11 13 15 21 23 24 26 27 28 29 33 36 43 48 50 51 52 56 58 60 63 64 68 71 75 77 80 82 85 86 89 
50 7 9 10 15 24 30 35 42 43 45 46 48 53 54 59 61 63 64 68 73 76 78 83 85 86 90 
37 2 3 4 10 14 22 27 29 33 34 41 42 46 49 55 62 64 70 73 74 78 80 81 86 89 90 
69 1 2 8 20 21 27 29 31 35 38 39 50 52 54 58 60 63 64 68 70 71 84 85 86 87 89 
34 1 5 7 11 15 19 27 28 32 36 37 38 44 48 51 52 53 57 58 61 64 69 77 79 82 86 88 90 
40 2 5 6 11 14 16 19 23 26 28 32 36 38 45 46 47 49 64 68 71 81 83 87 
91 3 8 11 12 14 15 18 24 27 28 30 31 36 37 38 39 41 44 46 51 52 54 64 65 66 68 71 74 81 82 88 89 
77 3 4 8 11 16 21 31 34 35 38 40 45 52 55 59 61 63 64 65 68 69 70 72 73 77 80 81 83 90 
78 1 2 5 9 12 16 17 22 25 30 32 37 43 46 48 52 55 56 57 58 60 64 71 72 73 80 86 88 90 
28 4 7 12 14 24 31 33 37 39 41 42 43 45 48 49 50 52 53 55 56 62 64 68 70 72 75 76 77 78 79 80 81 83 84 85 
51 1 2 7 8 11 13 16 21 28 30 32 34 37 39 43 44 45 47 49 50 51 57 62 63 64 66 69 70 73 78 81 85 88 
92 2 4 5 10 13 15 16 18 19 20 22 31 33 34 35 39 41 42 44 46 48 49 51 60 62 64 69 70 73 77 81 86 87 
12 3 4 11 13 14 16 20 21 22 26 30 33 36 38 39 40 46 50 55 59 60 63 64 68 69 70 73 76 88 90 
23 1 4 7 11 12 14 15 16 18 19 35 36 46 50 52 53 55 56 57 64 66 70 71 76 77 79 83 84 87 90 
70 1 11 13 17 22 24 26 28 32 33 34 38 47 48 51 52 54 55 57 63 64 65 68 73 80 81 88 
27 6 15 19 22 23 25 27 34 36 39 40 44 47 48 49 50 54 59 60 61 64 66 67 72 77 78 86 87 90 
87 6 10 12 15 20 21 24 26 30 34 36 37 38 39 41 47 49 50 55 56 59 62 64 65 66 67 68 70 74 77 90 
91 4 9 10 11 16 18 25 27 28 30 36 39 45 51 52 56 57 58 63 64 66 69 73 79 87 
70 1 4 8 9 12 13 14 15 18 23 26 27 30 31 32 38 42 43 54 62 64 79 80 82 84 86 
15 1 3 4 6 7 17 19 23 27 29 38 47 48 52 53 54 57 58 60 61 64 70 72 76 80 82 90 
56 3 9 10 12 13 14 15 16 20 21 22 28 29 31 32 33 43 49 55 56 62 64 67 70 72 73 74 76 78 79 80 81 82 86 89 
45 4 11 12 20 22 24 25 26 32 40 42 45 47 49 51 57 61 64 66 67 71 73 80 83 
31 1 2 3 4 7 13 19 20 21 22 23 28 30 32 34 35 39 43 48 51 53 54 55 64 66 67 69 70 71 73 75 81 82 83 85 87 88 90 
95 4 5 7 13 15 19 22 25 26 27 28 31 32 33 38 44 45 53 62 64 69 72 77 80 87 89 90 
39 3 4 7 8 10 23 28 31 37 43 47 54 58 59 64 66 73 77 79 86 
69 3 4 6 9 11 14 15 18 22 25 27 32 43 49 54 56 64 65 74 75 76 78 84 86 88 90 
18 1 12 13 17 18 25 27 34 37 44 45 59 62 63 64 66 67 69 70 73 76 80 82 87 
62 5 9 13 16 17 24 25 26 34 36 38 40 41 45 46 47 52 58 64 66 68 71 74 76 82 86 88 
68 4 5 6 7 8 9 20 22 26 27 31 39 42 48 54 63 64 65 67 68 78 89 
35 1 7 14 15 17 21 23 25 26 33 37 39 42 43 48 59 60 64 68 69 79 83 87 
69 1 6 11 13 15 17 18 21 22 24 27 28 29 43 52 54 58 59 60 62 64 67 70 72 73 74 
55 1 2 5 6 7 11 12 13 14 21 26 30 31 32 35 37 40 43 48 51 52 55 56 57 64 65 69 71 75 76 77 78 79 81 82 86 87 88 90 
48 2 3 10 16 17 20 24 25 27 30 31 35 38 44 45 47 51 52 56 58 61 63 64 68 69 70 71 72 77 78 83 87 88 90 
32 2 11 12 13 18 21 25 26 27 31 32 36 37 41 50 53 55 59 62 64 70 77 79 81 82 83 84 85 89 90 
37 2 5 9 11 12 13 14 15 16 19 25 26 28 29 31 32 49 56 61 64 68 72 77 78 80 81 89 90 
68 6 7 8 14 16 20 22 26 27 30 33 37 38 47 48 60 63 64 65 68 70 71 72 73 90 
20 5 10 11 13 16 19 20 22 23 24 25 29 30 33 35 43 46 47 48 61 64 65 73 74 78 81 87 90 
29 4 5 11 14 15 17 20 25 29 35 38 39 49 54 56 57 58 59 61 64 74 77 85 86 
49 4 5 6 8 13 17 19 22 30 31 34 35 38 40 41 44 46 53 57 64 66 70 71 78 79 80 81 83 84 87 89 90 
48 12 18 23 24 25 28 29 30 32 36 38 47 49 57 58 60 64 65 71 74 76 82 83 87 90 
27 1 3 10 16 24 25 29 32 33 36 41 47 48 50 53 58 61 62 64 65 66 68 72 73 77 81 82 84 85 86 87 90 
29 1 4 5 8 9 10 13 20 24 26 29 30 33 35 37 47 53 54 55 64 67 72 78 83 87 89 90 
91 5 9 11 16 19 20 24 33 35 40 43 46 48 53 55 56 59 64 70 72 73 74 75 78 79 81 84 85 88 90 
14 3 7 8 11 12 14 17 23 28 31 32 40 42 45 46 49 53 58 61 64 65 72 75 77 78 79 86 
36 3 7 8 12 13 14 15 16 19 24 27 28 31 35 45 46 51 55 62 63 64 66 70 71 75 82 83 86 87 89 
20 3 7 8 10 17 20 23 31 35 37 48 50 52 53 56 59 64 70 73 76 81 
91 3 4 12 18 25 26 27 32 34 36 39 42 46 49 56 60 64 70 76 79 82 83 84 88 
86 1 3 4 9 12 14 16 17 19 23 26 28 30 33 42 44 48 51 60 64 65 67 70 75 76 78 85 86 90 
82 1 2 3 4 5 6 7 8 9 10 11 12 13 14 15 16 17 18 19 20 21 22 23 24 25 26 27 28 29 30 31 32 33 34 35 36 37 38 39 40 41 42 43 44 45 46 47 48 49 50 51 52 53 54 55 56 57 58 59 60 61 62 63 65 66 67 68 69 70 71 72 73 74 75 76 77 78 79 80 81 82 83 84 85 86 87 88 89 90 
87 1 4 7 9 12 14 22 23 30 32 41 44 47 51 52 55 56 59 63 64 69 71 76 79 81 83 
67 1 2 6 7 10 22 26 29 31 32 33 37 38 40 42 43 54 56 60 64 69 71 80 81 87 
58 1 2 5 9 10 11 13 31 32 36 37 38 42 44 46 57 63 64 70 78 79 80 86 89 90 
95 2 6 7 13 15 16 17 19 21 22 23 25 28 30 32 43 44 45 48 50 51 56 64 70 75 79 83 86 87 89 
63 1 3 10 11 20 23 26 27 28 33 38 39 42 45 47 48 64 65 66 70 71 72 73 77 78 90 
45 4 5 10 11 15 18 19 23 25 26 27 28 29 32 35 36 38 42 46 48 49 51 54 58 60 61 62 63 64 67 68 69 81 82 84 85 90 
86 1 3 6 11 14 15 16 19 21 22 24 29 37 38 43 47 48 51 54 55 60 64 65 66 69 76 79 81 84 90 
40 2 3 4 6 11 12 23 24 25 31 35 36 39 46 48 50 51 56 57 58 59 64 69 74 75 76 79 84 85 87 
42 1 3 11 15 17 18 23 24 26 27 28 30 33 36 37 38 40 42 46 51 52 56 58 61 64 69 82 85 86 90 
97 3 4 7 8 10 12 18 22 32 36 41 43 46 52 53 55 58 64 72 75 79 81 85 87 
95 3 8 9 11 13 16 25 38 41 47 58 59 60 63 64 68 72 74 81 82 88 89 
72 1 2 3 7 8 11 12 17 25 28 29 35 36 41 42 43 47 55 61 62 63 64 65 71 72 77 88 
96 1 3 6 8 16 20 23 25 27 29 31 32 39 40 47 48 49 50 53 56 59 64 69 76 80 83 86 87 88 89 90 
17 2 8 11 13 17 18 25 26 31 36 41 44 47 48 50 52 54 57 58 59 63 64 67 69 83 85 86 
73 5 13 14 15 20 25 29 33 34 36 40 45 47 49 54 58 59 62 64 65 67 68 71 72 74 85 89 
54 1 4 5 8 10 11 12 14 16 18 23 24 25 30 34 35 36 37 39 42 50 54 64 66 67 77 82 84 87 88 
80 6 14 18 21 22 23 25 26 27 30 36 38 47 49 50 52 54 56 58 61 64 65 66 70 71 74 75 86 89 90 
83 2 3 5 9 12 16 20 22 34 35 36 38 42 43 47 49 55 56 60 62 64 70 73 75 80 85 89 
66 1 3 6 9 13 17 21 23 25 29 37 38 45 48 49 54 55 57 60 62 64 65 68 77 78 86 87 90 
51 11 19 25 29 34 41 49 54 56 58 62 64 70 71 72 80 
49 2 3 7 9 12 16 17 19 25 26 38 49 53 56 58 63 64 70 72 73 74 78 79 82 90 
54 2 3 4 5 16 17 18 19 20 24 27 31 34 36 40 41 43 47 53 56 59 60 63 64 67 68 73 77 78 81 83 88 
14 5 6 8 11 15 19 21 27 29 31 33 38 39 42 45 47 48 52 54 55 56 57 60 64 66 68 72 74 77 80 83 
25 1 3 5 6 12 20 22 24 26 28 30 38 41 43 47 48 58 62 64 75 76 77 80 86 89 
86 1 3 4 5 7 8 10 11 14 16 18 19 22 36 39 44 49 50 54 57 60 64 67 68 75 77 79 81 82 88 
87 7 12 13 17 18 20 23 24 28 29 31 32 35 38 39 41 47 48 49 50 51 52 54 55 56 57 58 63 64 67 69 70 71 73 77 81 83 85 
0