20
219 3 9 18 19 
192 3 7 8 13 18 
123 1 2 10 18 19 
212 15 18 19 
11 6 13 14 18 
215 5 18 
242 2 16 18 
298 2 18 19 20 
260 1 18 19 
294 3 12 14 18 
232 18 19 
115 10 14 18 19 
185 2 5 18 
19 5 10 12 16 18 
179 4 18 19 
294 7 14 17 18 
213 16 18 
99 1 2 3 4 5 6 7 8 9 10 11 12 13 14 15 16 17 19 20 
143 1 3 4 8 9 11 12 15 18 
247 8 18 
025
63 7 10 15 19 25 
255 5 10 12 20 
91 10 11 14 16 23 25 
11 7 9 10 11 23 
230 2 10 22 25 
158 8 10 12 17 
248 1 4 9 10 17 22 25 
226 6 10 
125 4 7 10 11 12 16 20 21 
158 1 2 3 4 5 6 7 8 9 11 12 13 14 15 16 17 18 19 20 21 22 23 24 25 
72 3 4 9 10 14 
69 2 6 9 10 18 19 22 
293 10 23 
218 3 10 11 18 19 20 
270 1 10 17 
43 3 9 10 
93 6 7 10 15 
203 10 12 14 23 
63 1 10 12 14 
169 2 9 10 14 
87 9 10 22 
287 5 7 10 12 21 25 
228 3 4 10 13 18 
168 10 
205 1 3 5 7 10 22 
030
125 2 13 14 
216 1 4 9 11 13 17 18 19 23 26 
40 9 13 23 24 28 
251 2 6 13 16 22 24 29 
299 8 13 20 21 
134 4 8 9 13 14 29 
239 8 10 12 13 26 27 
157 5 6 7 11 13 14 22 
250 2 3 6 12 13 16 23 25 
140 7 13 21 26 30 
144 2 8 13 21 24 25 
194 7 9 13 23 29 30 
115 1 2 3 4 5 6 7 8 9 10 11 12 14 15 16 17 18 19 20 21 22 23 24 25 26 27 28 29 30 
231 1 6 8 13 19 23 30 
264 13 17 19 24 27 
288 4 9 13 22 28 
231 2 13 15 22 
180 2 13 24 29 
232 2 13 14 15 22 26 30 
94 5 13 23 29 
59 5 10 11 13 
158 4 8 13 16 17 19 23 27 28 
76 2 3 9 12 13 14 20 22 
25 3 4 11 13 15 18 26 
167 9 11 13 27 29 
76 2 7 10 13 19 24 29 
21 7 13 15 22 25 29 
192 3 13 16 22 
110 4 6 12 13 18 20 25 26 27 
20 10 12 13 14 19 
035
176 3 7 9 15 18 34 
295 3 6 13 20 22 23 24 29 33 
30 1 2 4 5 6 7 8 9 10 11 12 13 14 15 16 17 18 19 20 21 22 23 24 25 26 27 28 29 30 31 32 33 34 35 
154 3 5 9 14 
207 3 4 6 12 17 20 22 29 33 
271 2 3 5 8 16 18 21 28 
102 1 3 9 21 30 33 
238 3 6 11 13 19 34 
230 1 3 4 7 29 33 
122 3 11 15 16 19 22 30 
102 3 8 10 18 19 20 28 30 32 35 
294 3 5 19 21 22 28 32 34 
184 2 3 8 14 21 27 31 
187 3 4 13 17 30 
90 1 3 10 26 28 34 35 
115 3 6 10 17 22 24 30 
183 3 5 14 16 19 24 27 32 33 
58 1 3 6 11 23 29 31 32 35 
171 3 8 10 11 12 17 
173 2 3 5 11 27 35 
118 3 6 7 12 13 25 28 
96 2 3 5 10 12 16 26 28 
186 2 3 18 24 30 32 34 35 
14 2 3 16 17 23 31 
251 3 21 34 35 
293 3 15 22 35 
170 3 13 17 20 
275 3 6 11 12 15 21 22 29 31 
125 2 3 5 9 18 28 34 
136 3 7 10 11 14 16 23 
34 3 13 18 24 28 
77 3 11 12 17 18 23 
287 2 3 5 7 9 17 34 
77 1 3 8 12 15 23 25 29 33 
237 3 11 15 18 20 23 25 26 
040
69 3 17 18 39 
267 8 16 17 18 21 22 27 33 39 
182 1 6 8 9 17 23 27 36 39 
10 20 21 24 33 34 39 
66 18 26 28 34 37 38 39 
296 3 7 19 22 31 39 
82 6 9 16 22 24 32 33 35 36 37 38 39 
138 2 3 11 32 39 
251 3 7 10 13 19 27 31 39 
297 9 13 14 23 25 26 32 34 39 
247 8 26 34 39 
207 13 16 17 28 29 31 39 
223 9 10 12 17 19 21 23 29 39 40 
87 10 16 20 22 25 31 39 
101 18 22 28 29 31 39 
99 2 7 12 14 31 35 38 39 
52 1 2 3 12 13 31 32 39 40 
38 1 2 5 15 22 27 28 29 34 39 
262 6 9 13 24 28 35 39 40 
140 4 14 21 26 28 30 33 39 
40 2 4 13 20 30 31 39 
36 2 6 7 14 15 18 25 28 29 39 
103 3 10 13 25 32 35 39 40 
117 4 7 19 25 26 32 39 
189 10 14 22 23 24 39 
228 5 10 11 20 24 29 39 
235 2 3 9 18 37 39 40 
26 5 12 15 18 19 20 22 29 32 34 39 
167 12 13 15 18 22 26 28 36 38 39 
220 20 21 31 35 39 40 
127 6 9 12 14 15 16 17 21 30 32 38 39 
27 7 8 10 17 23 24 28 31 33 37 38 39 40 
160 2 4 7 20 32 39 40 
20 4 5 10 11 18 28 39 
135 7 16 19 23 30 38 39 
203 3 7 29 39 
109 5 7 27 32 39 
264 5 7 16 29 31 32 35 39 
56 1 2 3 4 5 6 7 8 9 10 11 12 13 14 15 16 17 18 19 20 21 22 23 24 25 26 27 28 29 30 31 32 33 34 35 36 37 38 40 
255 13 17 19 23 27 30 32 33 39 
045
120 3 4 13 16 21 26 37 39 41 42 
114 5 13 16 28 29 38 40 41 
118 1 9 19 22 23 24 33 39 41 42 
276 1 8 11 21 26 31 40 41 
198 2 6 16 21 29 30 38 41 42 43 
126 5 23 25 41 42 
151 8 13 16 23 25 27 28 35 37 38 41 42 44 
230 4 7 12 30 34 36 40 41 
213 3 11 13 18 23 25 28 35 41 
243 12 13 28 33 41 
289 4 9 13 15 38 41 45 
273 8 10 13 16 21 28 38 41 
54 1 2 7 9 10 11 12 15 23 28 35 41 43 
118 22 26 30 35 39 41 42 44 45 
67 11 13 35 40 41 42 44 45 
71 1 2 5 7 12 21 24 25 28 36 38 41 
46 21 28 29 33 36 40 41 42 
99 9 23 32 33 40 41 
244 3 20 22 29 37 41 43 44 
123 19 25 28 31 34 37 41 45 
217 1 4 5 12 16 17 24 26 30 31 36 38 41 44 45 
232 3 14 19 24 33 39 41 
69 3 6 7 9 13 18 37 41 45 
104 3 16 21 22 31 35 40 41 43 
292 6 7 9 16 20 31 41 
164 1 4 14 21 28 31 32 35 39 41 42 43 
187 7 30 39 41 42 
233 2 7 9 10 12 13 16 17 20 26 31 33 36 39 41 44 
26 2 5 17 19 34 39 40 41 
283 5 8 14 21 27 36 39 40 41 
36 4 20 21 24 25 26 28 34 37 41 44 45 
60 18 26 33 40 41 44 
151 3 10 17 18 22 28 32 41 44 
19 8 20 29 31 41 42 43 45 
148 7 9 13 14 15 24 26 41 
27 8 16 17 21 28 30 38 41 43 45 
118 1 7 19 20 23 31 41 
38 2 5 7 11 12 16 21 36 41 44 
288 1 3 14 22 26 27 28 29 30 41 
290 2 4 8 15 17 18 24 29 30 32 41 45 
44 1 2 3 4 5 6 7 8 9 10 11 12 13 14 15 16 17 18 19 20 21 22 23 24 25 26 27 28 29 30 31 32 33 34 35 36 37 38 39 40 42 43 44 45 
241 1 3 5 6 7 14 15 17 26 27 34 41 44 
263 5 13 19 24 26 34 36 41 44 
250 7 14 15 19 21 28 31 32 33 38 41 42 43 45 
205 11 14 15 20 21 23 31 34 36 40 41 44 
050
91 3 4 5 8 25 27 34 43 50 
224 4 5 11 22 24 34 40 
102 1 5 6 9 12 13 19 20 21 27 34 50 
96 1 2 5 9 22 23 26 32 33 36 39 41 46 48 
203 1 2 3 4 6 7 8 9 10 11 12 13 14 15 16 17 18 19 20 21 22 23 24 25 26 27 28 29 30 31 32 33 34 35 36 37 38 39 40 41 42 43 44 45 46 47 48 49 50 
12 3 5 12 25 35 43 44 
54 5 20 26 31 33 36 49 50 
134 1 5 14 15 16 18 20 21 23 29 33 37 40 47 
183 3 4 5 15 19 33 37 40 46 
231 5 21 30 37 42 
217 2 5 16 17 24 28 30 47 
214 3 5 6 17 23 25 27 29 41 43 
202 3 5 18 22 25 27 39 43 45 46 48 50 
260 5 8 17 21 25 33 40 46 48 49 
206 5 8 9 17 43 44 
192 5 8 11 21 22 24 41 43 45 48 
262 5 11 12 14 15 27 37 39 
279 5 8 13 19 20 24 48 
189 3 5 9 18 30 50 
162 3 5 7 8 18 24 25 26 28 32 
135 3 5 8 10 14 16 22 23 25 28 37 
297 2 4 5 13 16 21 24 27 33 34 41 42 50 
200 4 5 8 12 21 27 31 33 39 45 47 48 
60 2 5 11 16 18 20 22 25 27 40 45 49 
18 1 5 6 12 13 14 20 21 24 31 32 
189 4 5 7 20 28 35 37 42 44 
134 1 3 5 12 13 17 22 23 24 32 34 43 
204 5 11 20 21 26 29 34 46 49 
128 5 8 12 28 33 38 40 42 45 47 
42 5 10 11 19 37 39 40 
259 5 7 23 25 36 42 48 
295 4 5 20 25 27 34 38 46 
267 4 5 7 8 9 14 22 23 29 34 35 38 41 42 49 
232 1 2 3 5 22 27 28 32 33 
221 5 6 26 33 37 38 43 45 47 
89 4 5 7 31 37 38 47 48 
208 5 8 9 10 17 21 26 30 35 36 38 40 41 48 
102 5 29 32 33 35 36 37 40 41 42 43 47 
194 4 5 13 17 23 30 41 
88 2 5 8 9 14 24 29 30 37 38 42 44 
64 4 5 12 16 22 33 37 38 39 
24 5 10 22 26 29 31 33 38 40 44 48 50 
284 1 5 6 12 13 15 16 27 35 38 50 
193 5 6 15 26 40 42 46 
94 5 13 16 23 24 29 35 48 
103 4 5 9 13 14 28 32 44 48 49 
160 5 8 11 23 29 35 36 38 
117 4 5 13 14 16 18 23 31 36 37 42 45 46 
184 5 7 14 24 28 33 46 
213 1 3 5 7 13 19 22 42 43 
055
211 6 13 15 19 21 26 28 32 35 39 41 42 44 47 
265 11 14 18 19 32 36 42 48 52 53 55 
124 7 14 15 17 21 23 32 46 47 
187 6 11 16 29 32 33 49 51 
44 8 10 27 32 36 39 42 47 54 55 
287 1 4 11 12 20 23 26 27 32 33 49 51 52 
24 3 13 16 26 27 31 32 39 46 47 54 
171 5 19 20 25 28 32 33 36 37 38 45 49 50 51 
220 17 18 21 28 32 34 50 52 53 
94 5 15 16 17 24 32 35 45 51 52 55 
190 2 4 6 13 18 20 23 25 26 32 33 38 47 49 
149 6 14 16 19 27 28 29 32 41 43 
238 1 7 11 16 21 24 32 34 43 47 50 53 
199 2 3 12 15 22 32 37 50 
231 1 3 10 14 21 24 27 29 32 33 37 41 42 44 47 51 53 
125 4 7 10 12 13 22 26 30 32 36 43 48 
67 3 9 10 27 28 30 31 32 42 48 
242 2 9 11 20 29 30 31 32 35 36 40 47 48 51 54 
236 1 2 8 12 31 32 38 42 43 46 47 49 50 53 
150 6 8 11 18 22 23 24 28 32 33 39 43 44 45 47 54 55 
29 1 3 9 13 15 23 32 34 48 54 
256 14 16 20 32 37 38 43 55 
265 3 6 11 20 21 26 27 32 53 
73 10 13 15 20 30 32 37 44 45 53 55 
252 8 11 32 37 43 44 49 53 
144 1 6 7 11 16 23 27 32 40 41 53 55 
258 5 6 7 12 15 17 23 26 31 32 33 35 41 42 43 47 53 
23 1 8 9 12 17 20 32 36 38 41 42 44 48 52 54 
233 4 12 15 18 32 36 49 
153 16 17 18 24 32 41 45 47 49 51 53 
84 7 17 18 19 27 32 36 47 52 53 
264 1 2 3 4 5 6 7 8 9 10 11 12 13 14 15 16 17 18 19 20 21 22 23 24 25 26 27 28 29 30 31 33 34 35 36 37 38 39 40 41 42 43 44 45 46 47 48 49 50 51 52 53 54 55 
30 4 6 8 11 15 20 27 32 36 46 
266 9 13 21 32 36 39 
206 1 10 18 27 32 37 40 41 42 43 45 
291 2 5 8 16 18 28 29 31 32 33 34 43 47 49 50 51 
235 8 14 15 22 24 25 32 35 41 
49 8 11 19 22 28 32 48 
94 1 5 7 20 32 34 42 51 52 
54 18 26 32 35 42 43 45 48 
63 1 12 15 26 27 28 30 32 35 37 43 48 52 55 
122 1 2 5 15 17 19 27 28 32 35 39 40 43 44 46 53 
131 12 13 16 19 20 22 25 27 32 35 36 40 41 42 44 45 51 54 
73 1 15 20 24 25 28 32 42 43 55 
97 8 10 20 24 30 32 35 40 43 49 
51 3 7 19 32 33 42 52 53 
149 1 3 5 7 11 13 15 18 19 20 27 30 31 32 36 48 50 
82 2 16 17 18 21 28 32 38 40 41 47 51 52 
192 4 6 8 11 19 25 29 30 32 36 45 51 
41 8 9 13 14 19 32 36 47 51 52 
154 4 6 8 10 15 18 30 32 36 39 43 48 49 50 53 
32 2 6 9 10 28 31 32 39 41 46 48 50 
123 2 9 13 15 19 23 24 25 26 27 30 31 32 42 46 51 
17 5 7 18 20 21 28 32 43 
240 2 5 10 20 22 24 26 32 41 44 
060
155 2 5 7 9 13 16 17 18 19 22 36 37 39 40 41 42 46 49 
221 1 5 9 11 14 25 33 37 38 46 48 50 53 60 
110 5 11 20 25 37 50 
54 7 22 23 24 31 32 37 41 53 54 55 60 
219 1 2 3 9 17 22 32 35 37 41 45 51 56 
290 8 9 17 22 25 27 37 42 50 
71 1 4 12 17 26 29 36 37 40 49 55 
42 6 19 27 32 33 37 38 41 46 56 
92 1 2 5 6 10 13 14 21 24 27 32 37 41 48 56 58 
227 9 11 12 15 19 26 28 37 40 43 59 60 
90 2 3 10 15 23 27 30 31 34 37 47 51 55 56 58 59 
49 7 10 25 37 40 41 56 
97 1 9 14 18 23 24 29 34 35 36 37 38 44 45 58 
41 2 9 13 15 16 18 28 29 37 40 47 50 57 60 
126 10 11 14 16 17 22 28 35 36 37 42 45 58 
75 1 14 15 29 34 37 42 43 53 56 57 58 
93 1 5 6 7 15 20 21 23 24 33 37 42 
78 1 13 14 23 34 37 39 58 
49 1 8 10 21 22 28 33 34 37 38 40 44 45 52 56 60 
148 3 17 30 32 37 39 40 45 48 54 56 
159 9 17 19 23 28 37 38 39 42 51 52 56 60 
117 1 4 5 6 15 19 29 37 41 42 49 58 60 
63 4 11 13 17 18 21 26 28 33 37 43 46 50 53 
291 4 9 13 17 28 32 37 40 42 51 54 
185 2 3 6 12 26 37 41 47 48 50 
199 7 10 23 25 27 35 37 45 46 47 52 56 
249 6 8 9 11 26 31 37 38 41 44 48 51 
103 10 14 15 19 21 23 24 32 34 37 51 60 
249 7 13 14 16 22 31 37 45 46 52 54 56 
252 11 20 32 36 37 39 47 50 55 59 
39 4 11 27 29 37 44 46 48 49 50 56 59 60 
10 4 5 8 9 20 24 28 30 37 44 47 60 
52 2 8 17 19 23 37 50 
231 11 13 16 18 19 28 37 41 44 45 53 57 59 60 
234 5 13 15 26 37 52 57 60 
295 1 7 13 15 30 37 42 45 51 58 
267 1 2 3 4 5 6 7 8 9 10 11 12 13 14 15 16 17 18 19 20 21 22 23 24 25 26 27 28 29 30 31 32 33 34 35 36 38 39 40 41 42 43 44 45 46 47 48 49 50 51 52 53 54 55 56 57 58 59 60 
196 2 8 13 19 21 27 37 39 40 46 47 49 51 59 60 
280 1 18 20 21 30 37 38 45 46 57 60 
292 1 7 10 12 14 19 20 24 37 38 49 50 52 
80 1 4 5 8 9 12 22 25 27 34 37 53 54 57 
214 1 6 15 16 17 21 22 24 36 37 45 46 50 53 54 
102 10 16 23 37 46 50 55 
148 13 19 27 31 32 34 37 54 
293 5 13 15 19 20 26 29 34 36 37 39 42 47 51 52 54 
127 1 2 8 23 26 29 31 37 38 39 42 43 50 53 54 60 
144 11 14 25 26 30 32 37 38 45 49 50 58 59 
64 2 9 20 25 27 31 37 58 
297 1 7 22 31 37 38 40 47 58 
190 2 3 6 14 23 25 30 31 33 37 40 42 43 46 47 
281 5 11 21 24 27 28 36 37 38 45 54 57 
230 19 21 26 29 35 37 40 45 53 55 
181 2 4 16 23 34 37 41 42 46 52 54 55 58 
104 4 20 24 29 37 41 42 44 45 46 51 53 60 
28 4 7 11 30 37 43 52 53 56 58 
263 5 8 9 11 12 16 19 20 21 26 29 31 37 55 58 
222 14 16 34 35 37 39 41 51 59 60 
36 9 11 13 15 16 18 22 36 37 47 48 49 53 55 56 60 
249 10 11 30 31 34 37 38 47 57 
169 2 4 10 14 19 21 22 28 31 32 34 35 37 38 39 46 54 57 58 
065
60 6 8 13 30 42 47 48 54 55 60 
261 23 25 31 34 37 39 43 46 47 48 52 54 56 57 64 
257 4 7 11 17 22 32 35 41 45 47 61 
225 3 7 12 18 19 36 37 47 56 
24 7 8 12 19 22 25 28 29 38 39 42 47 58 
201 1 10 14 31 34 35 36 37 42 43 47 51 55 58 59 60 63 
62 3 4 5 13 21 31 32 37 40 43 47 56 61 
25 1 5 14 17 22 26 29 33 34 36 39 40 42 43 47 49 50 51 57 59 60 
244 15 17 24 26 27 28 31 39 42 44 46 47 56 58 60 64 
178 6 15 22 41 43 45 47 57 61 65 
92 3 17 22 24 39 41 47 53 54 57 59 60 61 62 
268 4 5 17 34 39 40 47 51 58 61 62 64 
132 1 7 19 24 26 27 33 35 39 40 44 47 52 58 65 
215 6 8 15 17 19 26 31 38 44 47 52 53 56 62 65 
53 9 10 14 19 29 30 31 33 34 35 47 52 
221 22 23 30 36 47 51 55 57 
275 3 8 9 11 12 14 20 21 23 28 29 30 31 32 46 47 48 52 55 58 
59 4 23 33 37 38 47 52 53 55 59 64 
226 4 5 13 14 15 21 23 24 30 40 47 49 54 55 64 
63 17 23 24 25 30 31 34 46 47 49 51 56 57 63 
261 7 17 19 22 30 34 47 48 49 54 56 57 
175 3 5 8 10 11 16 21 26 27 35 36 37 43 46 47 50 
71 2 16 17 18 19 20 31 32 39 47 48 53 
293 9 11 13 19 20 25 40 43 45 46 47 51 53 58 62 
144 2 5 20 24 34 38 42 45 47 48 59 61 
273 8 9 13 14 22 31 32 35 41 46 47 55 65 
102 9 13 22 34 43 46 47 48 51 53 56 
218 5 9 17 30 38 46 47 63 
171 5 8 15 17 36 39 47 48 53 54 58 
289 1 15 16 17 19 20 21 28 35 47 48 55 62 63 64 65 
167 2 6 7 9 14 15 17 20 23 26 33 37 40 43 47 50 52 53 58 61 62 
92 3 7 17 23 26 36 37 39 45 46 47 48 51 
225 8 13 15 18 31 34 39 44 45 46 47 49 57 60 
204 2 6 8 12 15 20 21 25 27 33 45 47 50 57 59 
118 3 6 13 15 22 26 30 36 39 43 46 47 52 54 56 58 59 63 
125 4 6 8 16 22 29 32 35 43 47 48 52 53 59 62 
247 2 4 6 7 18 22 31 32 38 45 47 63 
230 5 14 18 25 28 37 47 48 52 58 62 63 64 65 
61 2 5 8 9 11 12 13 23 29 32 33 35 41 45 47 49 53 
241 7 8 12 13 19 24 31 47 49 55 60 65 
39 3 10 11 26 39 44 47 50 52 61 
205 1 5 6 8 9 25 43 47 49 57 65 
204 2 6 7 8 10 22 24 27 31 35 36 42 44 47 51 53 64 
130 9 13 14 33 41 43 47 50 60 61 
294 3 10 24 25 32 33 34 37 39 47 54 60 62 
136 2 9 17 20 22 24 26 27 28 32 33 35 47 
137 1 2 3 4 5 6 7 8 9 10 11 12 13 14 15 16 17 18 19 20 21 22 23 24 25 26 27 28 29 30 31 32 33 34 35 36 37 38 39 40 41 42 43 44 45 46 48 49 50 51 52 53 54 55 56 57 58 59 60 61 62 63 64 65 
174 1 2 17 21 23 25 27 29 30 32 36 38 47 51 60 61 
249 8 19 20 21 33 39 40 42 47 53 61 63 
44 8 22 31 34 41 44 47 52 64 
62 6 8 12 16 20 24 27 32 43 47 48 52 55 63 
168 2 13 14 15 17 18 31 35 36 38 41 47 50 51 56 60 62 
229 11 14 18 23 24 27 29 31 36 39 43 47 49 58 59 65 
54 1 2 11 19 21 29 35 45 47 55 57 
88 1 6 16 17 18 19 26 30 40 47 51 54 65 
134 2 4 7 9 14 20 21 27 35 47 52 
37 2 8 10 11 16 20 21 33 34 42 47 54 
240 5 6 9 12 13 17 24 29 31 35 38 47 53 
47 6 8 11 18 25 34 35 36 47 53 
142 1 6 8 9 11 33 40 44 45 47 48 52 62 64 
104 3 7 10 11 12 25 31 41 44 47 48 49 65 
228 11 12 14 24 30 31 36 38 45 47 52 60 63 65 
72 6 20 28 30 35 37 38 47 49 51 62 65 
253 2 9 12 18 19 30 38 43 47 50 60 65 
78 10 13 14 26 30 38 40 42 47 53 55 61 62 63 64 
070
234 5 7 8 18 23 28 29 32 36 39 42 62 69 
99 5 11 19 20 22 26 29 34 35 39 40 43 46 47 49 50 63 69 
172 5 6 7 12 13 14 29 37 46 49 52 66 
203 5 9 15 16 21 23 25 35 36 53 66 70 
119 1 2 3 4 6 7 8 9 10 11 12 13 14 15 16 17 18 19 20 21 22 23 24 25 26 27 28 29 30 31 32 33 34 35 36 37 38 39 40 41 42 43 44 45 46 47 48 49 50 51 52 53 54 55 56 57 58 59 60 61 62 63 64 65 66 67 68 69 70 
186 3 5 9 12 15 17 18 19 21 30 31 34 48 58 63 64 67 
161 1 3 5 12 15 21 28 29 31 34 43 54 56 
53 1 5 13 15 17 18 21 24 31 32 36 39 41 42 50 55 57 61 
154 4 5 6 13 24 32 37 44 49 51 58 63 69 
103 5 12 13 14 15 18 21 23 24 33 39 44 62 63 70 
242 2 5 20 24 26 33 42 45 47 49 60 61 64 69 
210 3 5 6 7 10 15 24 31 37 38 43 51 54 64 
37 3 5 8 9 10 14 15 20 22 24 28 33 37 50 53 54 56 62 65 
174 3 5 10 13 17 20 25 26 27 36 43 50 53 61 63 66 68 69 70 
109 4 5 6 7 8 10 12 13 24 26 41 47 49 51 64 65 
190 4 5 23 29 34 36 43 53 55 
294 5 6 8 14 20 24 25 37 40 42 47 57 60 61 66 
44 1 5 6 8 10 21 23 29 31 36 37 46 47 54 58 60 63 
17 2 5 6 28 29 32 36 43 52 62 64 66 
46 2 5 11 13 14 17 24 33 37 38 44 45 48 50 51 53 54 57 58 60 67 70 
125 4 5 6 7 8 10 18 27 30 39 48 49 53 57 61 69 
217 2 5 13 24 30 32 49 57 59 63 65 69 70 
113 1 4 5 10 16 18 25 33 34 38 40 46 51 54 57 63 67 
283 5 8 9 10 11 12 13 15 17 20 22 26 28 29 63 65 66 68 69 
186 4 5 14 17 23 26 34 38 42 43 44 60 61 64 66 67 68 
291 2 5 11 14 15 24 25 33 37 39 40 46 47 48 50 53 58 61 66 
166 5 14 21 33 35 39 41 47 50 57 63 68 
83 1 5 7 13 19 24 41 43 44 48 49 54 56 59 64 66 
141 1 2 3 5 7 16 18 19 24 32 33 38 41 44 45 48 50 54 56 61 63 65 66 69 
120 5 6 21 22 49 50 61 69 
146 5 6 7 8 12 18 41 48 55 59 62 67 
249 1 5 8 9 19 22 29 36 37 43 44 48 51 54 55 58 61 62 70 
134 5 10 11 13 20 23 26 27 29 35 42 57 61 65 
179 2 5 6 7 16 23 25 42 45 47 50 53 55 57 58 62 63 66 
184 2 4 5 27 33 38 41 44 52 54 59 69 
88 1 4 5 8 14 16 18 19 32 43 48 50 58 
240 3 5 9 12 13 17 18 20 26 32 40 43 47 53 59 60 
24 5 12 20 23 25 29 35 63 69 70 
75 1 2 5 8 10 21 26 27 49 56 65 67 68 
271 2 5 17 23 26 37 43 45 48 51 70 
99 5 8 15 27 28 29 31 35 42 46 51 57 60 
57 1 5 8 11 17 25 33 34 41 46 56 58 
215 2 5 7 12 14 16 19 25 28 32 36 37 40 48 61 64 67 70 
183 5 9 10 20 25 28 29 32 35 56 57 59 64 65 69 
210 5 11 20 29 34 40 50 54 
221 2 3 5 18 23 26 41 42 47 49 56 64 
132 2 5 11 15 17 18 26 27 34 37 46 53 55 62 69 70 
246 5 6 20 21 26 28 29 31 32 36 40 43 57 61 62 68 69 
204 2 3 5 9 11 15 21 22 28 30 39 46 63 67 69 
205 2 5 8 13 14 20 26 27 29 30 34 36 45 63 
179 5 9 12 15 20 23 32 40 41 53 59 61 64 
239 3 5 19 35 54 57 61 66 70 
127 4 5 13 14 16 20 21 26 34 37 47 51 54 66 69 
294 5 7 12 13 18 20 23 28 29 32 35 45 52 53 56 63 64 65 
25 5 8 16 31 32 34 47 59 64 69 
247 5 7 13 28 29 39 42 44 46 54 63 64 67 
147 5 8 17 20 21 22 23 27 33 34 41 44 48 52 64 65 
210 5 6 9 18 20 26 32 34 36 42 68 70 
46 5 22 28 31 35 37 44 51 55 
143 5 11 17 18 20 25 37 41 63 
41 5 8 11 14 17 21 25 26 29 30 32 33 43 48 51 52 62 65 
295 1 5 10 13 19 31 32 34 47 48 61 63 
255 2 5 6 9 10 14 18 22 23 24 27 29 34 38 49 50 54 56 60 62 64 69 
130 5 6 11 12 15 19 25 28 43 44 46 51 54 55 56 57 63 66 70 
100 5 13 15 22 24 29 33 39 44 54 57 61 67 70 
123 3 4 5 14 17 19 24 25 26 28 29 34 52 53 64 70 
224 5 6 20 23 25 31 39 43 49 56 65 68 
252 5 14 24 25 27 39 48 58 67 70 
151 1 2 5 9 11 14 21 22 24 29 30 35 38 44 47 48 49 53 55 63 
118 4 5 10 14 20 22 32 38 40 43 47 52 58 64 65 66 68 
0
